1726994456,496825138
2458166288,414189435
2047050318,2482298176
293674952,1932088239
376297212,376297208
2507766789,421914159
2047077099,311264206
414189433,2458046511
2493804937,2493518130
496825926,468215020
1726994848,1726994888
496830381,496830379
2510187412,2510187348
2483666781,2483666785
468215034,416647486
1274221453,290371636
2473374160,2473374163
456785937,312707204
272027859,286910204
872503667,53836186
748238612,748238608
244209906,3638593676
366604445,1726995368
312706963,2501536637
293674971,290371762
2473374153,2473423235
285333549,285332785
293665711,293665713
1726994888,379631050
496174576,2483666785
456777068,1273191314
1862666697,851353258
2458166304,2458166288
2476597486,2476597484
1740016576,1336853915
2047050318,2047050314
2077966693,2077966601
309639710,2475116047
2493505070,467922884
53836080,53836067
496172177,468215030
286910684,666304167
290978113,1838672963
476925702,291433057
293675170,293675102
1726995600,1726995612
496833538,496176695
2467924252,2467924213
286412964,379631831
2076970691,496825926
2501474286,291433059
385309474,385309511
312711070,293665711
311264202,311264196
2476597490,496831107
293665711,312711070
1726995814,1726995791
2476522259,2476522271
385293950,291433044
496837485,2476522138
282062142,376297245
2493868680,2493868703
2467492214,2467492189
244209903,3638593676
366604440,293665705
748238536,2475091349
2458166312,2458166303
1726995946,1273191314
1240182155,293770169
2516148252,3616857520
416331957,345388650
1273191427,1273191420
2076975252,2077966693
272027860,2472413809
1273191435,2510187377
1726995365,293665689
385293896,312706963
2501409797,2501409807
2077966693,2077966586
1725012661,1725012592
286912654,286912660
291879487,291433059
312631919,312631909
416635478,416635328
506147336,293770169
456176160,496172728
285328662,2047051300
385309511,496175216
345388650,345388660
53836067,53836080
496832021,496832664
496184805,496174889
456176134,1273191433
2164461929,2076975284
2467924220,416331962
666304167,666304160
2467924210,2467924206
272037135,2472413824
2476597490,2476597486
2507766815,2507766789
2473699106,2473699108
286412960,53835963
376297204,282063061
285332785,293674891
496171387,8948463842
53836045,1094967937
1273191427,1273191425
1240182024,3201268877
2504318063,1965842648
1726994616,385293946
41148340,897326437
290371636,467922884
2473832658,2473832663
312707204,496824556
262457183,2200338580
496830379,496830381
2188695468,286412396
496835403,496835285
2510187412,2510187428
244209906,496182907
2475091349,748238536
496172728,456777068
2467924220,1740012653
285335124,496176738
285333546,379632166
286910742,286910832
496176694,496177351
312631909,286910775
293665689,379631767
294608035,286910691
2467923296,2467923540
496182907,244209906
286959142,2473423253
2476472911,2476472907
2077966601,2077966591
496174889,496184805
2507369265,2507369256
2076975219,2076975228
2077966415,2077966434
2507780727,416647478
496174820,9204774468
291433044,385293950
291433059,2501474286
468215034,1726995612
2659754537,853079863
468215020,1726994397
2467924266,2467924258
2510187348,1273191420
468215030,1726995612
385293950,385293953
1726994502,385293953
421914159,421914172
476925712,496176672
2047050302,2047050314
2076975235,2076975228
1240182097,1240182042
414189435,2458071830
9641108295,851353258
470349537,2040508400
2200338580,2200338548
416647489,1240181920
496830381,496830399
1273191290,1726995149
2464658772,2464658768
2659754537,376297204
1726994502,1726994538
2076975247,2076975264
2076975270,2076975252
53835987,2507369258
2180312313,2340867492
2464658755,2464658768
1726995787,1726995600
496835285,496835403
1766111480,1766111478
2494792491,873925314
312707204,456785937
748238536,748238612
312707204,312707405
468215030,1726995772
338768518,793773391
41148632,41148340
2077966434,1117087718
41148120,41148274
3589307318,379631789
379631779,379631789
3782047682,2076975285
2459466844,6638428360
286910775,294608035
294608035,294608025
2492271131,2200338580
2504292928,2504292916
376297212,853079863
746737253,746737262
53836204,2464121521
2405008790,455040391
2077966415,2077966321
496176738,496176969
305325592,421914140
416647489,1240182042
1273191420,1273191435
1726995502,1094967937
272027859,412137337
2076975284,2077966994
421914140,2508369791
286912660,440812515
2501536637,312706963
1273191321,873925285
748238608,748238491
2473832663,2473832658
293674891,285332785
2501474283,456785978
2047051324,293674971
2337994422,286959142
2077966415,2077966533
379631789,379631779
897326386,41148120
496171893,53836093
1726994616,1726994542
897326386,2463417577
1273191433,2510187366
2507780761,2507780796
379631043,3641979877
1273191268,2504292928
244209864,53836067
285335113,2047050318
2493868679,2493868677
293674971,2047051324
293675055,2510187344
496171819,496171825
496171893,1726995951
1932088219,1932088239
416331962,2472413586
2458166303,2458166304
2501474286,2501474283
303805176,2516148252
2077966994,2077966959
2501474283,456785960
290371636,262457183
286910742,286910771
2472828005,2472827994
285328662,285328661
456029025,456029012
1726995600,1726995500
421914189,379632311
416647478,2507780727
2507369256,2507369250
2507453659,53835987
376301838,290978357
2459466844,414189433
2076975228,2076975219
2493868703,2493868669
285328661,285329155
2047050314,2047050318
1726995500,416647486
2464658768,2464658772
379632172,379632311
496171834,1726995500
2459466844,2459466845
2476522271,2476522259
286412396,286412422
2473699108,316571259
53836186,872503667
385293953,385293950
272037159,2638895546
2482928988,496826858
2467492189,290371594
291433053,385293953
3638593676,244209906
468215128,293675223
2465536934,2465536972
291433057,291433053
385309522,2494792488
1240182024,1240182155
1725012661,53836040
2482298176,2482298173
290371636,2467492189
496172177,53836080
456176134,456176144
476925707,476925712
366604442,366604440
496831106,496831558
376302787,376305984
285328663,285328662
379632166,379632311
496832640,496831805
2076975288,2076975284
496833068,2047077111
2467924238,2467924252
41148120,2508399088
1726994397,496826858
1726994542,1726994616
2076970691,2076970721
2458071825,2458071830
2076975284,2076975288
748238510,286910691
303805176,2159797014
496837521,496837485
2476597488,2476597490
416647486,468215034
456785959,496824556
414189435,2458046511
1967390006,53835916
286910204,286910691
496830890,345205595
468215023,468215025
2458071825,2458071823
291433057,1726994456
872503667,2219577714
421914172,421914159
620075843,376297040
496182907,496182939
2476597484,2476597486
496172707,456176160
1726995307,366604445
496824556,312707204
2494792488,2494792497
2482928988,496830348
385309525,385309522
376297204,376297208
421914189,293674971
897326437,41148340
1240182042,1240182097
2047077111,2047077119
294608035,286910775
3785519218,3785870981
468215025,1726994456
496832021,496830890
293706837,293674891
2077966819,1965842609
412137337,1779605910
2076975276,2076975270
3616857520,2516148252
53836096,53836100
316571250,1336867726
53836150,2219577651
1273191290,416647486
272027860,272027859
2219577651,53836150
2076975247,2077966533
2492186760,345378992
1932103460,293674952
2493505070,2493518130
496825138,476925702
748238612,286910771
496826858,2482928988
290371762,290371764
496176694,496176695
2047050302,2047050304
496824556,456785959
2465536972,2465536934
2493848743,2493518130
2047077111,285335113
1274221453,2493868669
666304167,286910684
2463417577,305325592
2467924266,2467924259
1336853149,1336853915
290371764,1273191321
53836093,570733909
293675055,293675101
286910742,455040391
496171893,746737253
2467492248,290371594
476925707,496825926
2508369791,421914140
496826195,291879487
290371758,2510187344
1273191314,456777068
41148340,41148632
285329155,285328663
468215020,496825926
2465536972,853079863
286412960,1757001245
2092391150,53836040
8567372837,2077966819
456785927,2501474286
1336853149,309639709
53836186,2040004101
1726994813,1273191290
2473374159,2473374160
2047050314,2047050302
3616080884,416647478
496176969,496176738
3782047682,2076975264
262457183,290371636
295137327,476925712
2077966819,2077966799
53835963,2508105409
2472827994,2472827964
2472413809,272027860
272037135,2473374153
286910678,286910684
345388660,2467924238
496185710,496185739
2472827964,746725509
456029012,290978113
285328663,385309474
496172707,1726996028
2467924265,2467923296
1240182155,1240182024
2077980312,1117087718
379632166,285333546
53835987,421914159
2638895546,272037159
2047050304,2047050302
496835221,496176694
290371758,1273191321
293675102,293675170
2510187377,1273191435
2507780753,2507780761
290978357,376301838
345394765,1740012653
291433053,291433055
1726995951,496171893
1240182053,2509345293
748238491,748238608
496830890,496832021
2458166297,2458071823
496835437,496835285
385309511,385309474
2467924213,2467924211
1766111480,1766111486
456785927,1726994848
2472413809,2472413824
496174828,379632172
1117087783,2077980312
1336867726,316571259
2473832663,2473832660
456785978,456785937
496833068,496832752
1726995368,1726995396
2076970691,468215023
2457983683,414189433
2482298173,2482298176
1932088239,293674952
2476522138,2476522259
385293896,286412396
748238415,2473832660
748238430,748238608
853079863,376297212
1273191420,1273191427
2464658770,2464658768
2464121521,53836204
379632311,379632166
746725509,2472827964
3785870981,421914172
293665705,1257477996
282063061,376297204
2458071823,2458166297
2340867492,2180312313
2219577652,2219577651
2476597486,2476597490
2157647269,305325592
2473423253,2473423235
291433059,456785937
2464121533,2464121521
2473699108,2473699106
376297040,620075843
496831805,496830890
2047051300,2047051342
2501536637,2501409807
1967390006,1645457973
345378992,262457183
293665711,456785913
456785959,291433057
746737253,496171819
897326386,897326127
1094967937,53836045
496832645,496832664
53836067,244209864
2467924259,2467924255
1740012653,2467924220
2467924270,416331962
2483538967,379632166
476925707,496826195
379631831,3589307318
2457983683,2457983681
1726995307,1932117757
376296219,376297040
2467923296,2467924265
286412422,286412396
1740016576,309639709
456777068,496172707
2458166303,2458166312
312706963,1726994813
1726994564,1726994616
1726995791,244209903
2507369256,2507369258
376297040,376296219
2077966586,2077966693
2200338580,2492271131
286910832,286910832
291433055,291433053
272037159,2109833182
1726995791,1726995814
293665713,293665711
53836067,53836045
2493505070,2493504964
3785870981,3785870983
496184805,496174894
496174828,496174820
2510187412,2510187377
1273191425,1273191427
496182939,496182907
244209864,293675223
2482298176,2047050318
9204774468,496174820
2516163544,9610412109
1932088239,1932088219
1726995540,366604440
2464658768,2464658755
765070002,2493848743
366604445,366604450
293770169,506147336
2076975288,2076975285
2467924213,345394765
1257477996,293665705
379631779,379631767
496171825,1967624032
379632166,2483538967
3201268877,3201268882
570733909,53836080
379631767,379631050
748238608,748238430
286912660,2467923296
286910832,286910742
1965842609,2077966819
2040004101,53836186
53836186,2464121521
2501409807,2501409797
496177351,285335124
1726995396,1726995368
3638593674,3638593676
1965842648,2504318063
455040391,2109833182
496176672,476925712
2458166288,2458166287
2467924265,2467924270
1336853149,1336852840
2466641793,1274221453
2467924220,2467924214
385309511,385309522
746737262,1726995874
2473374163,2473374164
416647478,3616080884
1274221453,2466641793
2475116047,2475116025
2200338559,345378992
496831805,496832021
366604450,295149329
2896071534,286910742
456176144,456176134
291433055,456785959
496176695,496176694
285329155,2483666785
338768384,496837485
2458071823,2458166304
2509345293,1240182053
2473423235,2473423253
2476522138,338768518
244209864,1240182042
1726994456,468215025
496171834,1726995149
2482298176,496833538
2077980312,421914140
2464121521,2464121533
291433053,291433057
345205595,496830890
2219577714,872503667
496185241,9204774468
496832752,2047050304
293675101,293675055
2077967107,1965842609
496174576,496174889
456785918,456785917
1726994397,468215020
412137337,496185241
2504346449,1965842648
496832752,496832640
285333549,312711070
2510130530,376301838
1766111478,1766111480
312707405,312707204
1273191435,1273191433
293770233,293770169
2508485109,2508485277
3589307318,286412964
2467924255,345394765
385293946,312706963
567936483,345205595
1274221453,1766111478
1273191290,1726994813
53835987,2507453659
470349537,311264196
1757001245,2077967564
412137337,2464658755
286910771,748238612
2516148252,303805176
290371762,293674971
440812515,286912660
1726995612,468215030
416647486,1726995500
2458046511,414189433
3785870983,3785870981
286912660,286912654
2458046508,2458046511
293675055,293675106
1725012600,1094967975
53836040,1725012661
376297204,2659754537
376301838,2510130530
1726995368,366604442
1965842648,2504346449
2458071830,414189435
2501474283,2501474286
2510187385,2510187377
620075843,620075642
1726994456,291433057
7238319697,2109833182
1965842648,1273191268
286910204,793773421
295137327,496826195
2157647269,1117087718
2340867492,316571250
385309474,2219577652
366604442,1726995368
2077966533,2076975247
2077966994,2076975302
456785917,456785913
2501409807,379631779
496175216,385309511
1740011422,1740012653
244209906,379631831
456785917,293665713
2092390999,421914172
53836150,2040004101
1117087718,2157647269
748238568,748238510
1726995500,496171834
6638428360,288084587
456785960,456785927
2076975302,2077966994
379632172,496185710
305325592,2157647269
1726995772,468215030
2467924258,2467924266
285333549,285335124
851353258,1862666697
2516043340,2516043348
3638593676,3638593674
496835285,496835437
293675102,1240182053
290978113,2465536972
345378992,2200338559
2494792491,2494792488
293674900,285333546
421914189,293674900
286412960,1965842568
385293946,1726994616
456785913,312711070
2507369258,1273191268
282063061,2516186496
2076975247,2076975252
421914172,2092390999
2076975270,2076975264
414189435,2458166288
385293946,385293950
2047077099,496833068
376297208,376297204
1726994310,496830379
496835403,496176672
1273191321,290371758
496832645,496832640
496830381,496830348
2493848740,2493848743
496830348,496830381
286412396,2188695468
793773421,286910204
312631909,2476363183
476925707,496825138
496176694,496835221
421914140,2077980312
290371636,1274221453
2076975228,2076975236
2077966591,2077966601
496176738,285335124
496185739,496185710
2473374153,2473374163
2127944189,1779605910
2473423235,2473374153
53835963,286412960
2077966799,2077966819
748238453,748238568
2076975228,2076975235
2458166303,2458166297
496171387,496171392
311264196,311264202
2467924270,2467924265
496831106,496831805
2473374163,2473374153
1726995951,1726995874
496171819,746737253
2467924213,2467924252
2472827964,2472827994
1240182024,303805176
2457983681,2457983683
1726996028,496172707
2638895546,9641108295
2109833182,272037159
2493868703,2493868680
496174894,496184805
1766111480,1767943236
291433059,291879487
290371594,2467492189
1779605910,412137337
416331962,2467924270
309639709,309639710
765070002,2493848775
2494792488,385309522
303805176,1240182024
1726994345,468215025
293675101,293770169
496831106,2476597486
53835916,1967390006
416331962,2467924220
1273191427,1273191435
311264196,793773421
2077967564,1757001245
2464121521,53836186
286910775,312631909
379631043,1726994848
345394765,2467924255
620075642,620075843
748238568,748238453
873925285,1273191321
2040508400,2476472911
1273191268,1965842648
416647478,2508105409
748238524,286910771
421914140,305325592
1965698775,2047051300
468215023,2076970691
1932103460,1932088228
2077966601,2076975251
414189433,2459466844
53836040,53836045
285335124,496177351
496831107,2476597490
620075843,506147336
496826195,476925707
2047077105,2047077099
1766111486,1766111480
1726995365,286412964
262457183,345378992
873925314,2494792491
53836045,53836040
2476363183,312631909
2040508400,293674891
1240182042,416647489
376305984,376308276
1965842568,286412960
496826858,468215020
1726994848,456785927
496831110,496831107
290371594,290371509
311264206,311264202
41148120,897326386
379632172,496174828
293674971,421914189
286412964,3589307318
305325457,1336853915
272027859,272027860
2501536637,2501536635
286959142,272037159
748238491,2473832660
1094967975,1094967937
1726995206,1726995307
2200338548,2200338580
2705539423,746725509
1117087718,2077980312
286959142,2337994422
1726995874,1726995951
2076975252,2076975247
1932103460,285333546
376297245,282063061
1726994538,1726994502
316571283,2473699108
282063061,376297245
294608025,294608035
2508399088,41148120
496176672,496835221
496185241,53836150
379631831,286412964
1257477996,244209903
2047077099,2047077105
2483666785,496174576
1273191435,1273191420
496831805,496831106
291433057,456785959
853079863,2465536972
53835916,2463417577
2510187385,2510187385
2504292916,2504292928
496831107,496832176
1726995440,1726995502
2047050318,285335113
2493868613,1766111478
2077966994,2076975284
366604440,1726995540
2405008697,851353258
496832645,311264206
468215020,496826858
496171825,746737262
1726994373,291433053
1726995149,1726994805
2492186760,2492271001
286910771,748238524
496177351,295137327
496835285,496835221
496837485,338768384
311264206,496832645
41148274,41148120
851353258,2405008697
2494792491,2494792509
496185710,379632172
2501409807,2501536637
312711070,285333549
293674900,421914189
506147336,506147325
286412396,385293896
338768518,293674952
345205595,496830348
2040508400,470349537
2076975264,2076975270
1967624032,496182907
2494792497,2494792488
285333546,1932103460
2458166304,2458071823
496171834,1967624032
2458071830,2458071825
496185241,412137337
456785978,456785960
1273191420,2510187348
897326127,897326386
291433055,1726994502
496174889,496174576
2076970721,2076970691
2472413824,272037135
496832664,496832645
496825926,2076970691
2473374162,2473374160
496833538,2482298176
2493868613,2493868674
2467924211,2467924213
496835221,496835285
2510187348,2510187412
8561757434,2076975228
1726995704,1726995874
1240181987,293675102
376297040,2516043348
2473832660,748238415
2510187428,2510187412
376297208,376297212
2076975235,2076975232
496833936,496833538
2076975288,2076975297
285332785,285333549
290978113,456029012
293770169,293675101
1932088228,1932088239
295137327,496177351
286912654,2464658755
376301838,376302787
2467924255,2467924259
2473423253,286959142
2483666785,2483666781
312706963,385293896
309639710,309639709
2501622650,385293896
293675223,468215128
293674891,2040508400
496824556,496824943
2076975251,2077966601
2483666785,285329155
2493848775,765070002
8948463842,496171387
366604440,366604442
2501142865,1725012661
9204774468,496185241
1767943236,1766111480
2076975232,2076975235
2507780796,2507780761
2159797014,303805176
376297245,282062142
53836100,290371762
2047051342,2047051300
9204774468,496184805
2507766789,2507780727
41148274,41148340
53836080,496172177
2473699108,316571283
1094968202,1094967975
2157647269,53835916
2472413824,2472413809
496174576,496185710
2508485277,2508485109
2047050304,496832752
2467924259,2467924258
2465536972,290978113
2516148252,282062142
293675223,244209864
312707405,476925702
476925712,295137327
2467924255,2467924254
2467924210,2467924252
376297245,2516163544
286910204,272027859
305325592,2463417577
1932088228,2483538967
416635328,416647489
2473832660,2473832663
285328661,293674971
2473374153,272037135
291879487,496826195
496171825,496171819
3201268877,293675101
416647486,1273191290
468215034,1726995502
316571259,1336867726
376305984,376302787
286910691,748238510
1336853915,1740016576
1726994888,1726994859
1726995149,1273191290
496176738,496176695
379631789,3013354769
496832640,496832752
2476597486,496831106
53836100,456176160
2077980312,1117087783
2493518130,2493804937
765069970,765070002
1726995874,1726995704
2472827974,2472827994
496184805,9204774468
2482928988,496835403
496825138,1726994456
291433053,1726994373
496825926,476925707
1257477996,3641979661
293675223,293675170
496176672,496835403
293674891,293706837
416635328,376302787
366604450,366604445
2475091349,286910678
286910684,2475116047
1766111486,467922884
748238536,748238491
2467924266,2467924265
293674971,285328661
412137337,272027859
2040004101,53836150
293665705,366604440
338768518,2476522138
53836096,53836093
496832752,496833068
3589307318,379631831
1645457973,1967390006
1240182042,244209864
293665705,1726995365
2659754537,376297208
496830348,2482928988
379631789,3589307318
2458046511,414189435
1726994859,295149329
456785960,2501474283
2127944189,2476522271
2047051300,1965698775
376305984,2510118318
470349537,2476472911
2467923540,2467923296
290371594,2467492248
2076975228,8561757434
2077966533,2077966434
2464658755,412137337
468215025,1726994345
1726994813,312706963
2467923296,286912660
53836204,2458166297
467922884,2493505070
2040004119,2040004233
293675106,293675055
272027860,2472413586
2476522138,496837485
3782047682,1965842609
2459466845,2459466844
9641108295,2638895546
286412964,1726995365
456785917,456785918
1725012592,1725012661
2507780727,2507780761
285335113,2047050304
316571250,286910678
496171392,496171387
2516163544,376297245
2508485109,1967390006
379631767,379631779
1273191433,1273191435
2047051300,285328662
1779605910,2127944189
9610412109,2516163544
1273191314,1726995791
2092391150,2092391096
2472827994,2472828005
1117087718,2077966434
316571259,2473699108
2463417577,897326386
2507369256,2507369265
416647489,416635328
455040391,2405008790
1726995307,1726995206
1766111478,1274221453
2475091332,2475091349
496830890,496831805
385293896,2501622650
2473832660,748238491
496172177,496171819
2340867492,316571259
286910742,2896071534
376308276,376305984
2493848743,765070002
2516043348,376297212
6638428360,2459466844
286910691,294608035
496831107,496831110
2473374160,2473374159
286912654,2457983683
2516053586,1240182155
2077966321,2077966415
2516163552,2516163544
282062142,2516148252
496830399,496830381
2467924252,2467924238
1094967975,1094968202
385309522,385309525
1726995874,746737262
345205595,567936483
2463417577,53835916
244209903,1257477996
293770169,1240182155
293665689,1726995365
272037159,286959142
2504292928,2092391150
2510187377,2510187412
2493868669,1274221453
456785913,456785917
746737262,496171825
2507766789,2507766815
376302787,416635328
2467924238,2467924228
2200338580,262457183
2467492189,290371636
312631909,312631919
1336853915,305325457
2467924258,2467924259
3201268877,1240182024
286910775,666304167
2467924252,2467924210
2475116047,309639710
293674900,285332785
1766111486,456176134
2507780727,2507766789
2077966533,2077966415
2510187366,1273191433
385309522,385309511
496177351,496176694
379631831,244209906
2516043348,2516043340
2510187348,290371758
421914172,3785870981
496830348,345205595
2077966693,2076975252
2457983683,286912654
2493504964,2493505070
853079863,2659754537
2476597490,2476597488
1932088239,1932088228
467922884,290371636
2516043348,376297040
496832664,311264202
2076975285,2076975288
1726995600,1726995787
2508105409,416647478
290371764,53836096
293675170,293675223
496826858,1726994397
496830379,1726994310
1726994616,1726994564
1965842609,2077967107
2501474286,456785927
496174820,496174894
570733909,53836093
2467924265,2467924266
2501536635,2501536637
2473374163,2473374160
53836093,53836096
53836080,570733909
2510118318,376305984
53836040,2092391150
746737253,496171893
765070002,765069970
311264196,470349537
496831805,496832640
2493518130,2493848743
345394765,2467924213
2507780761,2507780727
1726995440,1726995440
53836093,496171893
385309474,285328663
286910691,286910204
2510187377,2510187385
2047077111,496833068
455040391,286910742
1726995502,1726995440
2467924259,2467924266
2467924206,2467924210
366604445,1726995307
496832664,496832021
2467924210,345388660
286910678,2475091349
3641979877,379631043
506147325,506147336
2458166297,2458166303
1766111478,2493868613
1336852840,1336853149
496825138,476925707
1726995500,1726995600
1757001245,2077967107
2109833182,455040391
385293950,385293946
496176695,496833538
385293953,291433053
2493868674,2493868613
746737262,746737253
293675102,1240181987
456029012,456029025
2040004233,2040004119
2109833182,7238319697
291879487,312707405
2472413586,272027860
1967390006,2508485109
851353258,9641108295
496174894,496174820
345378992,2492186760
1965842609,3782047682
311264202,496832664
1726995502,468215034
1336853915,1336853149
2483538967,1932088228
496185710,496174576
1740012653,345394765
496171387,570733909
468215030,496172177
793773421,311264196
2475116047,286910684
290371758,2510187348
1726995612,468215034
421914159,2507766789
366604450,366604442
1726995612,1726995600
345388637,345388650
345388650,416331957
316571259,2340867492
385293953,1726994502
456785927,456785960
244209903,1726995791
293674952,1932103460
496835221,496176672
666304122,1740016576
312706963,385293946
2493868677,2493868679
1726994502,291433055
1273191435,1273191427
366604442,366604450
666304167,286910775
1094967937,1726995502
2494792509,2494792491
2467492189,2467492214
2493868679,2493868613
456785978,2501474283
379631050,379631043
1726995772,1726995772
1273191268,2507369258
570733909,496171387
309639709,1740016576
1726995368,366604445
2047077119,2047077111
2510187344,293675055
2076975264,3782047682
2464658755,286912654
2516186496,282063061
309639709,1336853149
2040004101,2040004112
1726994813,1726994796
2476472907,2476472911
496171819,496172177
2076975285,2077967107
285333546,293674900
379632311,379632172
476925702,496825138
2493518130,2493505070
2493848743,2493848740
2092391096,2092391150
41148274,2508423165
2077966434,2077966533
2473374160,2473374162
496174889,496174894
2040004119,2040004112
2473832663,2473832656
1726994859,1726994888
2467924228,2467924238
666304160,666304167
2472827964,2301881270
2473374164,2473374163
1094967937,1094967975
456785937,456785978
496174828,2483538967
496174894,496174889
1932088228,1932103460
496176695,496176738
1757001245,286412960
2472413586,416331962
2476472911,470349537
496830379,1726994351
2516163544,2516163552
2076975252,2076975270
2458166304,2458166303
2475116025,2475116047
2077966434,2077966415
2467924258,2467924270
286910771,286910742
2301881270,2472827964
1740016576,666304122
53836045,53836067
312707405,291879487
2472413594,2472413586
1838672963,290978113
496826195,295137327
2458166287,2458166288
286910684,286910678
1932117757,1726995307
2472413586,2472413594
2076975270,2076975276
2493868613,2493868679
2076975235,2076975252
456785937,291433059
2458166288,2458166304
2464658768,2464658770
793773421,2476453699
2077966601,2077966693
467922884,1766111486
2508423165,41148274
1967624032,496171834
2507780761,2507780753
1726995149,496171834
2076975285,3782047682
1726994351,496830379
311264202,311264206
748238608,748238612
1740012653,1740011422
288084587,6638428360
290371509,290371594
2467924254,2467924255
272037135,746725509
2467924270,2467924258
2472827994,2472827974
1967624032,496171825
2510187344,290371758
1726994805,1726995149
416635328,416635478
476925712,476925707
3638593676,244209903
496832176,496831107
2475091349,2475091332
496174820,496174828
1273191321,290371764
293675170,1240182053
2219577651,2219577714
1726994859,293665713
2493868703,2493868679
2219577652,385309474
376297212,2516043348
41148340,41148274
1240182155,2516053586
1240182053,293675102
293665713,456785917
2493868669,2493868703
456176160,53836100
496182907,1967624032
2507369258,2507369256
1094967975,1725012600
285332785,293674900
311264206,2047077099
3201268882,3201268877
345388660,345388650
496831558,496831106
496832640,496832645
1725012661,2501142865
379632311,421914189
2458046511,2458046508
2483538967,496174828
2467924238,345388660
3641979661,1257477996
1336867726,309639710
496832021,496831805
295149329,366604450
286910678,316571250
496833068,2047077099
2507369258,53835987
3013354769,379631789
1240182053,293675170
496833538,496833936
746725509,272037135
376302787,376301838
2077966819,8567372837
2076975297,2076975288
1726995951,496172728
293665713,1726994859
291433057,476925702
1726995791,1273191314
421914159,53835987
414189433,2457983683
748238510,748238568
2508105409,53835963
506147336,620075843
456785959,291433055
748238491,748238536
1726994397,468215023
309639710,1336867726
2040004112,2040004119
2473832656,2473832663
293675101,3201268877
456785960,456785978
2077967107,2076975285
468215023,1726994397
2076975284,2164461929
2077967107,1757001245
2047050304,285335113
2476522259,2476522138
496835403,2482928988
285335113,2047077111
2504292928,1273191268
345388650,345388637
2476453699,793773421
53835916,2157647269
793773391,338768518
2092391150,2504292928
476925702,312707405
2467924214,2467924220
345388660,2467924210
2219577714,2219577652
1240181920,416647489
1726995365,293665705
53836150,496185241
2076975264,2076975247
2494792488,2494792491
3785870981,3785519218
496172728,1726995951
2476472911,2040508400
1273191433,456176134
2076975236,2076975228
2040004112,2040004101
456176134,1766111486
2076975252,2076975235
316571250,2340867492
2077966959,2077966994
2492271001,2492186760
285335124,285333549
376297208,2659754537
379631779,2501409807
872503667,2493868669
746725509,2705539423
2493868669,872503667
2507369250,2507369256
1336867726,316571250
293770169,293770233
2493868679,2493868703
748238612,748238536
1726994796,1726994813
468215025,468215023
496824943,496824556
2458071823,2458071825
2476522271,2127944189
2458166297,53836204
496837485,496837521
293674952,338768518
1273191314,1726995946
