2480248122,206305743
659996990,409542376
3978123399,3978123403
1825312916,1825312913
389050719,316273436
2721604777,2721604783
1144587188,1144587103
2696591432,433178208
1611482048,1611482059
1857824414,1857824426
2691461951,2449222690
292003296,9082688648
2691195411,2691195457
457951242,287724668
1611482018,1611482020
1528887213,1528887211
1865545511,206391002
1424915890,1411343729
1611482059,1611482048
3979687319,3979687316
293936735,2690819800
1144587418,1144587211
2467873447,2467873456
1151988824,475001452
389050681,9223810198
2696317386,2696317404
793559258,206305746
1801832935,325610739
316272277,316272880
1543905569,1477638698
1117217649,389050706
1835674063,8625744771
6151482599,2152230311
598472464,1528887255
1851709526,1747865714
1156020531,1112601411
2458181696,1801832932
1153530879,1112601428
1521031254,4081645835
7299315117,1299505024
2467873447,2467873449
728294512,1825312945
3292962035,316272277
3755513365,494775119
1857824381,59643285
389050706,1117217649
461017838,461017037
1270694604,292004755
1740078095,1740084425
1517747852,1517747837
8988059152,5522038264
269647659,472693232
2480248096,793559286
2691195430,2691195433
8857880362,651540510
206391084,206391086
1201556536,728295698
1825312897,206305754
369966026,3174658418
206305742,206305743
339824052,339823942
206391076,2691160003
1138069865,9362841816
4520748337,249282830
206305964,793559299
3932346077,4427526427
457951180,457950881
1326201340,1326201342
206390961,206390972
249282205,9482841544
1245965590,1528887318
1827798978,8122094044
369965927,39972851
206390968,206391011
973682867,3033971939
9223810198,279311006
1270694335,1270695613
1144587337,8625744771
9356413213,1151988693
1540353185,1540353188
1915065750,4665603219
472671231,5661634296
461017829,461016949
461018401,461017641
3916001988,2480248150
206305963,2993882296
1270694862,293764500
3200014586,1769208045
1528887245,293769226
1827799131,1827799133
1324159215,1324159254
1825312900,1748455945
1748438502,1748438504
1430921356,1430921350
8979853529,6174756954
292004755,292004706
2467291286,3174648648
867428294,5912140955
270467550,1477638701
1144587084,616086869
471038837,254855508
1528887304,1528887245
287087874,9482841544
1299505024,7299315117
1825312897,1611482085
1270695079,1270695646
1144587293,2691492707
1825312975,206305742
2480248117,793559308
206309912,206309917
1857824465,1857824457
1827799078,1827799040
1826306951,1827799026
4147592509,2691614016
206391089,3111708472
1270694604,1883505398
1541489006,6478964520
457951242,457951230
2467873418,2467873419
457951151,457950935
313029280,2766460532
1835674091,8625744773
1557723549,1557723498
452430074,2314751292
270467555,270467322
2467873405,2467873391
302734329,255133546
793572375,1540353188
1543905569,1477638710
461016949,1299505024
471964053,271361757
2510030372,1270694862
8941325392,1606684476
2955780079,3495067464
317017103,5454039058
6478964520,6478964527
206305975,206305977
254855952,867428294
1137993100,9804645666
369967725,2691195415
2697383435,2467873438
645364209,3800855338
1144587106,1144587188
389050719,1513853612
1621268117,457951134
2467873417,2467873418
598453488,1270696015
471352385,5262400871
5735997017,1504546786
255133814,3802336703
1457528619,8941325392
5859259846,5859259848
2449222677,2449222678
1144587078,1144587359
1270696597,292004706
1517745140,1517745510
1748438504,1748455931
271183144,598453488
292004679,292004706
206305716,316273419
1815625388,1725127768
472670062,472670063
1825312914,1825312915
2367517744,471038837
1725127768,1815625388
3978123403,3978123406
4496630756,4496630754
271361755,271361757
206391011,206390968
472691193,249282231
7623289660,1430921342
793572375,793572202
1270693959,1270696589
3800809305,3800809299
2510030373,292004755
1851709526,1851709511
1869066842,1869066923
418836039,369966026
1673625313,3885236156
1825312965,1825312960
2467291315,2467291286
1869067082,3931052476
3979830741,3979830746
206390966,206390968
255133548,255133550
1611482013,1611482045
2691195429,2691195430
3932139751,1869067041
4496630760,4496630754
8979865882,2553277568
1528887245,1528887304
3979687316,461016891
1546869478,1546869486
3978123403,3978123399
1144587106,1144587078
2367517744,2993878245
5661655228,5661655230
14834591,60960809
2696261889,369967725
1825312963,1825312961
270467322,270467555
457951096,457951011
3979830369,287724668
1801832915,1866186711
1541490232,1541490218
270286093,270287819
1825312965,1825312969
2467873434,2467873431
1825312900,1825312914
3199334578,472962439
4496630760,4496630761
3136659444,1521031238
206309919,9229921634
1825312915,1825312896
1201556536,255133814
9196485847,9196485836
1528887272,308515685
1270694921,1245978851
7931549234,1299505028
1424915890,1112601425
3800809299,3800809305
1857824457,1857824465
1153530831,2696286020
2691462072,2449222678
1245965495,1245965606
1528887211,1528887213
3292962035,1492279967
1857824414,1857824346
2553277574,1853993490
2467873405,2467873395
325610734,1801832932
2467873441,3927554020
791385163,3088785754
2696578730,5521887643
206305975,1827799135
206390961,2697383100
1424915865,1411343761
1732975921,271361760
4520748319,249282830
2766460532,313029280
9362841816,9362841817
1324159254,3423757161
1528887251,1528887244
457951242,457951252
1543905520,1543905519
433178208,2696591432
457950935,270648440
206309919,3136659434
3931044545,1869066842
1499170905,1112601400
271361757,471964053
1144587359,6174756954
2993876820,2993876829
293762318,456726177
1144587040,1543905520
3885236156,1673625313
461016949,270648432
4665603219,1915065750
2993882296,206305963
471038808,9230677727
2691195422,2691195425
2993877996,3136659444
1602364780,1735000974
457951011,457951158
2993880196,1825312915
317017110,317017115
369969045,369969025
3199421436,60960809
3918977091,206305717
616086868,2458181479
9804645666,1137993100
59643324,3136659488
3497060808,2691195547
1245965495,1245965447
2691195510,2696317374
1748455933,1748455942
317017103,317017110
206390945,206390937
325610134,325610129
1801832935,2458181702
2691195478,3892297937
475001452,1151988824
1734194320,1734189686
4520748314,471295592
1477638699,5401265016
1825312921,1825312917
1851709511,1851709526
5401265015,5401265016
9356413177,181328700
7272251615,472650204
206390999,254855487
4224283155,325610739
457950821,457951179
1517747837,1517747839
645364138,255133548
747724171,1144587040
1735000974,2691560418
293937266,2696370720
2696317386,2696317374
2458181702,1801832935
457950851,2247708195
1869067253,1827799036
3916001988,6478964527
1112601425,1112601428
206390966,1827799012
1733789540,2686979162
457951179,457950881
2697966402,2697966422
457951180,8922008715
292003425,292003296
270286525,270408367
1825312968,1825312965
206306006,206305717
1827799133,1827799131
1270696589,1270695745
287724668,457951242
9230677727,292003507
2467873455,5454039093
294130569,302734390
8857880362,8988059142
270461747,1606684462
1117217649,270649561
1517747837,1517747832
270648435,457951179
793559258,206305977
1827799147,1827799149
249282828,471295253
2449222678,2449222677
2697383100,206390962
4496630762,4496630761
1528887318,1528887255
457951158,4532515384
1673625306,1673625313
1794390883,4096031894
471963929,271361755
2449222694,2449222690
5454039102,5454039103
8404336978,472650204
2941971098,2696578730
1507122754,2709456100
1827799036,206390968
6478964520,1541489006
2467873451,389050730
39971671,39971568
471296332,4520748332
1869066866,9860452018
206390966,317017099
2691614079,1602364724
9230677726,471038814
270287819,9362841817
2691195553,1815625428
255133550,1326201340
598453453,2522474487
472670051,472670061
1521031240,39972051
1557723468,1557723492
5654155626,3740304084
1825312958,1825312965
645364485,5538285148
3199334589,472962470
645364584,1769208046
1748438485,1748438484
4496630750,4496630753
293768794,293768219
1725127827,270461747
2740122406,369965927
206305759,1557723492
325610739,1801832935
458432975,458432990
2691195478,39972357
1801832935,1801832932
1324159250,1324159219
1541489006,1541489013
472693232,472693236
254855513,471038837
2696591431,2696591421
457951179,270648435
1270697725,1274959717
4496630745,4496630762
9362841817,270287819
1869067082,1869067025
1324159250,292003630
1825312973,1825312975
1826306951,1611482020
3916067415,3916067412
206305901,206305863
2150565679,369965927
1883505407,1883505410
2691492707,1144587293
2691195389,2150565679
2467873413,2467873405
2993877215,875713756
1117217635,1477638700
1521031240,1521031254
1557723492,206305742
4496630750,4496630760
1270694158,598472422
2685335455,1528887244
1611482018,1825312864
6174756954,1144587359
9482841544,249282205
1324159240,1324159250
325610129,2721696048
1825312969,1825312972
1112601425,1424915890
2369558924,1156020531
3029122693,2314731764
3096127312,9229858543
5735997017,1857824630
1794452775,1794452777
1477638707,472671231
472670061,5912140952
1270694665,1270695106
616086869,1144587293
1853993490,1853993488
9082688648,206309917
2993878098,389050719
1825312916,1825312914
2480248117,1827799153
206305743,2480248122
598453421,9432133728
270648435,4532478822
1270694691,1270694230
1666854915,3994265357
206391086,206391076
1825312970,1825312973
457951129,1621268121
1499170914,339824052
1815625428,1815625404
2691195450,369966026
2449222684,747724679
598453488,271183144
834435717,293762318
1827799135,1827799149
1543905498,1543905519
1869066923,3931044554
2449222690,2449222694
206306006,206306007
1245969068,1245969006
1883505398,1270694604
1602364724,2691614079
1201964678,249282178
206391086,206391087
206390962,2697383100
1857824546,1857824527
645364209,645364205
1825312945,728294512
1270695040,1270695613
1245965447,1245965495
3885235775,3885236156
1748438495,1827799078
206390972,206390961
1869067204,9860452018
4147592509,1602364724
1245965525,1245965495
2993876829,181328716
5538284919,289436143
206309917,249282757
1144587106,1144587153
1725127768,1725127743
1299505024,461016949
1270695165,1734198429
270286098,1430927545
8393972478,651540367
1725127743,3892392883
2691195510,39972357
1201556536,728294414
2686979099,5654155626
6478964524,6478964527
651540513,255133814
1769208045,1769208046
9196485847,1270697725
287724668,457951209
249282178,1363312205
369966026,2691195450
9229921634,7143380184
2480248096,1825312963
2553277560,2553277568
3916048100,3916067412
1827799121,1825312968
270648440,457950760
1827799124,1825312963
2480248153,3916048100
39972051,1430927567
1477638700,9586395634
1857824501,1857824489
5661634295,1117217635
1324159250,1324159240
874474213,2467291260
270286525,2693434288
86004439,86004446
206305717,206305716
457951129,457951134
369965927,2150565679
206305754,1825312897
1735001063,1735000974
2458181683,2458181702
1857824489,1857824501
293936735,1829388942
2467873424,2467873418
2691195430,2691195425
2467291286,2467291315
1794390900,4096031882
1528887304,1734198429
4520748319,3022544029
389050730,2467873451
1825312885,1825312890
2480248150,2480248118
3892297950,1815625428
206305795,793572202
2458181702,2458181696
645364584,645364511
3111708472,1825312857
2467873456,2467873454
461017838,461017718
791385132,803966229
293768801,293769237
3978123406,3978123403
1827799028,1611482028
1857824467,1857824457
471297700,471297766
1869067243,317017099
2993878281,5912140955
1776252700,3931052477
8625744773,1835674091
616086868,494775296
2467873438,2697383435
255133548,645364138
457950881,457951179
1869067025,1776252627
9196485834,9196485835
457950963,270648435
1513853590,1513853612
6478964520,6478964521
1144587076,1144587084
1857824546,59643289
1611482028,1611482018
645364221,5538285148
2697966449,3029122693
8122094038,1827798978
2480248104,1825312971
1748455940,1825312891
1144587076,1144640368
1857824485,1857824467
472650197,7272251615
1499170905,1546869486
1325421697,206305863
1827799149,1827799147
249282585,9356413213
1519303418,389050708
206391018,206391089
457950881,457951180
494775117,494775119
206391099,1827799078
339497565,2313162284
1543136122,1825312958
317017102,317017103
293762381,598472317
1825312958,1827799121
472670063,2993878281
1144587076,1144587297
2691614038,2691614016
206390990,317017110
456726188,1270696045
1801832935,7798045447
1517747852,1517747859
2691195457,2955780079
598453421,9225274418
1112601411,1156020531
471295253,269647659
1270695745,292004679
206390961,2467873421
292003773,271361755
317017102,206390966
270286096,1507093894
369969025,369969045
293769237,293768794
4532515384,461018194
2313162284,2941971098
461018401,270648433
8122094044,8122094038
1835674120,1835674121
287725642,3979830741
1245969068,1883505412
8979865882,2553277574
791385132,3517895286
2458181670,2458181683
206305975,1827799155
1611482028,1611482223
2247708195,2247708185
8979865882,7798045432
8988059152,5538285125
457950760,457950828
1270694657,598472464
1504546730,2553277574
3199334585,472962470
728294414,1201556536
457951209,287724668
39971645,270459638
612635765,279311006
461016949,461017829
271727593,389050706
9196485836,9196485827
2467873442,2467873434
2691195278,2691195345
5044566531,1499170905
5714921542,1748455975
1827799026,1826306951
1659345790,1153530879
2696578730,651540513
1270694921,1245978911
206305977,206305975
4427526427,3932346077
1748438495,1748438502
39972851,39972828
1528887318,1245965590
1430921350,1430921364
2369558926,2369558924
2458181696,2458181702
7798045435,8625744779
1519303418,1117217649
302734407,302734390
3931044596,1869067025
292004706,292004679
9362841816,1138069865
2467873423,2467873428
270467322,270467552
2480248158,2480248169
1810174175,1857824485
2993882296,1827799153
1270694604,1270694822
8625744773,7798045446
1857824467,1857824485
616086857,874474213
5454039097,5454039093
1825312965,1825312968
3802336703,3802336708
728295698,1201556536
3885236156,59643324
1270695136,1270696045
308515685,1528887245
1270695613,1270695040
181328700,1835674120
1794452775,389050730
1499170914,1830440098
2458181670,2458181677
389050706,389050708
472650195,472650197
1430921356,1430921378
1270694921,1734189282
471296332,471296583
1740078093,1740078095
4532478822,287725642
3740304084,1886298653
3022661252,292003425
2691195415,418836039
2480248127,2480248097
793559308,2480248117
2696286020,8206095018
3136659488,59643324
249282178,471297766
5454039093,5454039097
1733789540,1528887304
39971568,1111935881
461017448,461018401
1740084425,1740078095
3740304084,3199334589
1825312890,1748438504
1245965554,1245965525
369969725,1815625274
651540510,2941971098
1513853612,389050708
270467550,270467552
339497565,3800809299
1869067082,9860452018
5859259854,1835674118
3918977091,2292465023
206390937,3670610945
461017231,270648432
1747865714,1851709526
1825312896,1825312917
3892297948,3892297950
1887900341,1883505398
3931052476,1869067082
1112601400,1156020537
181328700,1499170914
270467550,875713756
1430921378,1430921356
3923344475,2467873451
2993882296,206305964
1883505413,1245965590
2691195396,2691195426
2691195547,3497060808
2701664265,1557723544
313029280,4172900951
1835674091,1835674093
471297766,471297700
539707498,539707492
292004706,1270696597
1748455942,1825312896
1915858355,7299315117
206390955,458432975
3978123399,3978123432
1825312917,1825312921
292005358,271183152
461017408,461017231
793559277,206305977
1517747839,2993877996
457950935,2247708195
1411343763,2526182178
973652803,973682867
1825312973,2480248104
1274959717,1270697725
539707492,539707498
2691613950,791385132
2697383499,2467873438
3174647407,2449211257
293769226,271183152
2458181696,2458181683
2152230311,6151482599
1772249441,9855439475
2449222674,2449222675
5654155626,2686979099
2510030373,2510030371
4520748332,4520748333
339495390,5538327478
271727593,270467999
1324159222,1332764230
1504546685,206390937
293768797,293768794
457950828,457950760
1827799131,1825312961
270649561,1117217649
293762934,840615341
1857824527,1857824546
1270695040,1528887213
317017099,206390966
1144587040,747724171
1869067041,1869066923
39971568,39971597
433167067,433167075
403169553,39972828
1245979257,1245978911
2691492707,2691492685
1299505028,7931549234
2697966422,2697966449
456726188,598472422
3740304084,5654155626
1324159219,1332764226
471297766,249282178
5454039102,1748438495
1430921364,1430921350
2467873414,2467873421
3978123432,3978123399
9229858543,3136659464
1144587359,1144587078
1869067204,1776252700
3892297947,2691195508
2152230311,1153530831
457951096,457950972
1543144520,2480248097
1270695745,1270696589
2510030373,1528887211
4096105957,2721604653
2958483761,803966229
452379700,651540367
1825312972,1825312969
3978123399,461016949
206390990,2467873424
3918352249,270648433
1857824546,1810174175
4657025589,458432990
1725127743,1725127768
1117217649,1519303418
1611482223,206305754
9915025113,1218232395
8404336978,1245979257
3111708472,206391089
2691195273,418836040
2721696048,5859259848
1112601428,1156020545
1825312969,1825312970
2480248097,1543144520
1825312968,1827799121
456726188,9196485847
461016647,461017448
1270696510,1270694657
1430921343,1430921350
2691614166,2691560409
2467873452,2467873440
4520748336,3931044712
1517745152,1863086450
3916001991,3916001988
2697966449,2697966422
2691195415,2691195425
1270696122,1270696589
2480248109,2480248127
5454039058,1869067253
1245979273,1245979257
3199334585,3199334589
3916001988,3916001991
651540513,433167075
1827799149,793559299
1825312915,2993880196
325610747,325610739
1245978851,1245978911
293936735,875713741
249282757,471295253
5531851979,270286680
2691195278,2691195273
8922008715,457951180
793559286,2480248096
1270695695,1270694360
206309912,2467873413
1827799036,1869067253
1430927567,1137993097
1776252700,1869067204
433178208,302734362
206390968,1827799036
1734198429,1734198430
9914834403,249282231
325610129,1504546786
316779782,1827798978
2696317386,403297623
7143380184,254855508
292003425,471038808
1270695646,1270696015
1201964678,249282184
2691195353,2691195345
1825312971,1825312968
1543144520,2480248150
255133546,302734329
1827799155,206305966
472962294,270286857
3515726119,2691613950
1477638707,270467555
3979687316,461017448
9356413177,1830440098
1513853590,1517747839
1513853612,1513853590
7272251615,1218232362
2449222675,616086869
206305754,1611482223
279306334,9432133728
1659345790,1153530612
1776252627,1869067025
279311006,9223810198
2449222684,2449222690
1517747837,1517747852
2691195345,2691195353
2480248141,1543144520
2993877996,2993878026
2691160003,206391076
1507094609,1507121637
2686979104,2686979099
339495384,3954277021
1153530684,1457528619
1801832915,2458181670
9356413213,249282184
9915025110,1528887318
2721604653,4096105957
2691195278,2691195291
2301890321,1144587084
313029280,359205417
1815625404,39972333
1827799155,206305975
293762381,1414374175
472962325,302734407
1748438485,1826306951
2480248104,2480248111
1869066842,1869066866
9804645666,39971645
9356413179,1869067041
793572156,793572202
612635765,598453514
270649561,271727593
3755513365,494775117
5538327478,339495390
39972051,2312589864
1825312885,206391002
389050730,1794452775
1611482045,254855487
2993874687,1144587352
2458181683,2458181696
418836039,2691195415
1883505424,1734194320
9482841544,287087874
793559286,793559277
5538285148,5538285149
1748455975,5714921542
9196485834,9196485830
1827799121,1825312958
9230677736,2993878239
3954277021,433167051
4096105957,4096105967
1827799012,206390966
2312589864,2313363516
456726177,1270697725
1883505410,598472408
2691545460,2449222674
471295293,4520748326
254855513,2367517744
3517895286,791385132
1144640368,4095887639
279306334,271183140
5454039058,5454039060
1794452777,1794452775
206305863,206305795
206391076,9356413180
249282178,1201964678
2369558924,1156020545
359205417,1477638708
1477638699,2691131490
1827799078,1748438495
2522474487,271183144
2458181677,2458181670
2480248150,3916001988
3932346077,3932346081
4427526427,389050730
1151988637,1363312205
1430921350,2696670838
3923344475,3923344479
206305743,206305742
433167075,433167067
1528887309,1245965697
1278096954,59643285
1827799012,3927554823
2458181479,1144587157
3931044554,1869066923
3549093216,3549093396
461017231,461017408
9230976135,249282219
9196485836,9196485847
1270694638,1270695106
9432133728,279306334
1735000974,1735001063
4520748326,4520748319
6174756952,6174756954
206305746,793559258
1546869486,1546869478
1748455945,1748455940
1783423993,1245978851
1270695646,1270695079
1477638699,1477638707
2691195426,2691195396
1825312943,1825312945
1144587211,747724679
206391002,1825312885
9196485835,9196485834
457951158,461017718
1245965525,1245965590
1825312951,1825312945
2467873395,2467873405
5454039102,1827799036
1245969068,539707492
4496630746,4496630756
2467873418,2467873417
1137993097,1137993095
472691193,249282219
2458181683,2458181670
2690819800,875713756
3916067412,1541489013
598453453,9225274418
270648433,3918352249
255133575,1326201340
2691195433,2691195430
292003125,471038808
271361823,271361789
1857824381,1857824327
1869066842,3931044545
7993224962,616086834
9356413180,206390955
3029122693,2697966449
1499170848,1835674099
1270694552,1740078096
39972357,2691195478
369969045,369967725
2480248122,2480248153
2721604835,2721604783
9225274418,598453421
86004439,3199421436
1323908151,793572375
1815625388,1815625381
1245965495,1245965525
2691195510,2691195548
4496630761,4496630746
1827799036,5454039102
1611482013,1611482018
1748438504,1748455933
9855439475,1611482028
728296063,255133575
206391087,339823942
3137326866,1138065469
1611482085,206390998
1151988637,1201964678
1915857692,471297700
1156020537,1156020542
1835674118,1835674120
1557723494,1825312971
1324159222,292003630
452430074,3802336703
1245969006,1245969068
1825312961,206305746
270467552,270467550
270286857,270286680
1611482013,1611482223
293762318,598472317
3979830741,3979830744
1218232395,1218232295
461017037,461017838
7798045435,7798045432
271361789,271361823
1144587297,1144587419
1477638698,427743925
1144587211,1144587157
1270696676,1270694335
457950972,457951096
2467873419,2467873418
1144587317,1543905519
1517747832,1517747837
3994265357,1666854915
1144587188,1144587106
1270696015,1270695646
461017718,461017838
271361760,1732975921
1835674118,5859259853
270286096,270286098
1138065463,1138065465
793559277,1825312963
249282231,471295293
317017110,317017103
1411343763,1411343761
2522474501,2522474489
1543905520,1144587040
206305742,1825312975
4096031882,1794390900
1835674099,1499170848
1430921350,1430921356
1863086450,2696428493
2691492712,2691492707
2449222678,2691462072
293769031,293768794
1815625388,39972333
2696370653,1543905589
9860452018,1869067204
206391099,2467873456
255133575,651540510
3892297947,3892297950
651540513,2696578730
1794452775,3931044712
4496630754,471038801
293764500,293762381
1825312890,1825312885
206305966,8783644101
461017231,461017667
1117217635,5661634295
1851709526,1606684462
8783644101,206305966
539707492,1245969068
3088785754,791385163
1521031240,2696296977
293764500,1270694862
3931052477,1776252700
2467873454,2467873456
1528887211,2510030373
3892297944,3892297947
1504546786,1835674091
2480248143,2480248127
1245979273,539707498
1218232295,1245969022
598472317,293762381
598472393,598472408
1801832932,1801832935
1144587416,2449222684
9223810198,472962294
598453514,3199334578
39971597,39971645
9915025110,1218232395
4532515384,457951158
9223897270,279310357
1827799147,1827799153
1499170914,181328700
472670061,472670062
461018194,4532515384
2691195478,2955780079
1611482045,1611482048
427743925,1477638698
3964711699,3964711703
651540510,255133575
1740078095,1740078096
1480895133,616086834
1245978911,1270694921
2266012220,598472317
293762934,293762318
339495384,5538284919
339497565,433167075
2691614166,2691614091
206305745,206305743
9082688648,59643428
616086868,616086860
2312589864,2691195553
1557723492,1557723468
2696317374,2696317386
1504546685,2553277560
292003615,1332764244
2691545519,2449222675
271727593,270649561
1769208046,645364584
1865545516,206390998
292004679,1270694862
456726177,293762318
206305717,3918977091
2480248153,2480248122
2993878239,471038801
270648440,457950935
1144640368,1144640404
747724679,2449222678
4520748314,249282829
1245979257,1245979273
1830440098,1411343729
1528887304,1733789540
2467291260,874474213
206390937,1504546685
2696845157,2721604771
1748455933,1748438504
1557723494,2697439424
1672305243,270461747
316273822,316273419
59643289,2691614016
292003007,9223897270
5661634296,5661634295
2696317374,2696317389
1245969006,539707498
206390998,206390999
287498190,86004446
1430921355,1430921343
616086860,2458181383
206305745,1827799147
1825312913,1825312916
1144587211,1144587418
254855487,3111708472
457950935,457951151
317017099,317017102
1725127711,1725127768
2691195481,2691195464
292003630,1324159222
3136659434,206309919
389050719,2993878098
2467873438,2697383499
9362841816,471965068
616086869,616086860
3137326866,1543905589
1825312897,2968525790
2691560409,2691614166
1835674093,1835674091
8625744771,1835674063
2696296977,1521031240
1151988637,1363312135
1528887255,1528887318
1519303418,1513853590
5714921542,7183835607
1430921356,1430921342
1270696045,456726188
1611482028,1827799028
1776252700,458432990
1144587337,1144587409
1883505398,1887900341
494775119,494775117
1528887255,598472464
1825312857,206391089
293769226,1528887245
1829388942,1829388941
461017448,3979687316
270648432,461017231
793572202,793572156
1611482223,1611482028
9230976135,9914834403
293768794,293768797
9229858543,2993878026
457951230,457951242
461017667,461017231
293768219,293768794
457951011,457951180
206306004,7183835606
1883505410,2266012220
271183140,271183144
1270694335,1270696676
2480248118,2480248150
1323908794,206305795
433167054,339495384
3892297937,2691195478
3033971939,973682867
289436858,472962439
2696370653,270649561
249282830,3022544029
1138065465,1138065463
1733789540,1733789536
458432990,458432975
1137993097,1430927567
1829388941,1829388942
3923344482,3923344479
1557723494,1557723498
1827799153,793559299
5401265016,5401265015
2696317389,2696317374
2993876820,3137326866
1825312958,1543136122
1827798978,316779782
461017641,461018401
1772249431,8122094038
325610734,2721604653
316273419,2367517757
1332764226,1332764225
8941325392,270459638
3930913617,317017110
1144587157,1144587211
1332764230,1324159222
59643428,3136659464
1825312963,1827799124
1144587297,1144587076
4520748333,4520748336
2691492707,2691492712
1245978851,1270694921
1557723514,1557723524
2691613950,59643289
1543905519,1543905498
1311151015,293764500
472693232,249282219
39972828,2691195396
793559299,206305964
206305966,1827799155
2467873434,2467873445
598472464,1921553664
1270695079,1270695613
2691614016,4147592509
206390955,2467873421
9196485827,9196485836
1245979257,8404336978
2449222694,747724171
1557723501,1557723546
2693434288,270286525
651540510,645364221
4081645835,1521031254
867428294,279612419
1270694822,1270693976
2480248150,1543144520
2522474501,293768219
271361755,292003007
3096127312,3150270643
1480895133,3174647407
8783644101,1323908460
206390972,1772249441
3918352249,457950881
316272277,3292962035
2740122406,2691195273
1857824485,1810174175
5538327478,255133521
2686979099,271183140
293768219,2522474501
1245969022,1218232295
2721696048,325610129
1827799135,1827799133
1245969052,1245969022
1835674121,5859259848
206305863,206305901
2696370720,293937266
1477638713,1477638700
206305963,2480248122
598472317,293762318
1748438504,1825312890
7798045446,8625744773
1769208045,1324159254
1557723544,2480248093
1757123406,14834591
325610734,2696845157
494775296,494775119
433167058,433167054
271361757,271361760
472650204,271311907
3022544029,471296332
3923344475,3923344478
1827577765,339826332
5538285149,5538285148
271361760,316272277
1430921378,409542376
1869066866,9104971726
206390998,1611482085
1557723524,1557723514
8625744779,7798045435
389050706,271727593
1270697563,1270694691
2480248141,2480248160
2696591421,2696591431
2955780079,2691195457
206391018,1748438485
1245969006,2686979162
2467873442,2993878969
2696578730,2941971098
616086869,1144587084
254855511,254855513
1151988824,1151988839
271183231,293768219
1857824431,1857824381
457951023,457950760
1140419948,271361789
1857824381,1857824431
271183140,279306334
2467873456,2467873447
254855508,254855511
2480248104,1825312973
2691614115,1602364780
1324159219,1324159227
1270694670,1528887213
317017110,206390990
2691560409,1602364780
1827799153,2480248117
206390937,206390945
249282829,471295592
1521031254,1521031240
1857824489,1857824485
2691195396,2691195457
2467873436,2467873445
316273436,389050719
2691195499,39972357
2449222690,2691461951
1883505424,271311907
206305977,793559258
2721604783,2696845157
3978123403,3978123402
270461747,1725127827
270467552,270467322
1201964678,1151988637
472670063,279612419
3174648648,2467291286
5912140955,471963929
793559286,1827799135
1853993488,1853993490
1138065469,3137326866
2691527260,1480895133
270467322,359205417
1507122754,1138035362
2696591421,302734362
1245979273,9915025113
4096105973,2721604653
409542376,292003630
339495390,452379700
1543905519,1144587317
8625744779,8625744771
1270694691,1270695165
1825312945,1825312951
2467873445,2467873436
1507093894,270286096
1606684462,1851709526
1748455942,1748455945
1112601428,1112601411
293769237,293768801
3549093396,3549093216
5538285125,9851489807
1270695646,1740078096
2314751292,452430074
2691195425,2691195422
747724171,2449222694
475001456,475001452
1270694230,1270694691
1324159227,1324159222
1825312912,1825312913
1144587419,1144587297
9225274418,598453453
206305964,2993882296
539707492,1528887244
292004755,1270694604
271311907,472650195
3174647407,1480895133
2691614079,1666854915
875713756,2993877215
2369558924,2369558926
1748438484,206390968
3892297947,3892297944
270461747,1672305243
292003507,1430921378
3923344479,3923344482
2691195508,3892297947
8979853529,1543905520
457950760,270648440
2686979162,1245969006
616086834,7993224962
2691195425,2691195415
3572690526,206305966
249282757,249282828
1825312891,1865545516
3923344474,3923344479
206305977,793559277
1513853612,389050719
9860452018,1869066866
1270694360,1270696235
206390999,1865545511
369967725,369969045
728294633,2152230311
793559277,793559286
3174658418,369966026
1740078095,1740078093
1332764229,1332764230
452379700,339495390
1270694360,1270695695
254855511,206309908
2691614079,2691614092
5521887643,2696578730
1528887244,539707492
2467873391,2467873405
4520748337,4520748314
433178208,433178216
1112601428,1112601425
874474213,616086857
2449222675,2449222674
3670610945,206390937
1111935881,1117217635
1324159254,1324159215
1827799133,2480248096
433167051,3954277021
1835674126,181328716
2467873456,206391099
1825312891,1748455940
1827799078,206391099
1528887255,1528887309
1801832932,2458181696
2458181670,1801832915
3979830746,3979830741
1611482059,3111371650
2480248158,2480248153
3031619855,302734329
1430927545,270286098
59643428,9229858543
1528887244,1528887251
3979830741,287725642
255133575,728296063
293768219,271183231
1825312891,7197228233
1138065463,1424915890
616086869,2449222675
2480248093,728294512
1734194320,1883505424
317017110,3930913617
2467873440,2467873452
1504546730,2553277560
302734329,3031619855
803966229,791385163
1673625313,1857824650
1138035362,1507121637
2522474487,598453453
1825312971,1557723494
457951230,4532478822
4096031894,1794390883
2467873438,2467873441
3800809299,433167058
1144587416,1144587419
1827799133,1827799135
3111371650,1611482059
1541538533,1541489006
791385132,2691613950
1857824650,1673625313
1245965662,1245965470
875713756,875713741
1835674120,181328700
2696318481,2691195345
1270695165,1734194320
2691492685,2691492707
2458181383,616086860
292003630,1324159250
2449222674,2449222673
418836040,2691195273
457951252,287724668
59643289,1857824546
598453488,292005358
293762934,4634611285
271183231,293768801
59643285,1278096954
1883505398,1883505388
1153530785,1153530831
651540367,5531851979
1270696235,1270694360
1725127730,1725127743
1602364780,2691614115
1137993087,292003507
1748438502,1748438495
793572375,1323908151
2691195457,2691195396
254855508,3136659488
645364205,645364209
1245965606,1245965495
598472408,1883505410
1153530891,9356413179
1810174175,1857824546
4520748326,249282829
2691195270,2740122316
9586395634,270287819
1144587352,1144587359
2510030371,2510030373
2691195291,2691195278
4496630745,293937266
2993878245,5912140952
3932346077,471296332
249282184,9356413213
471038837,3096127312
1829388941,5661655230
1245965662,1245965561
1144587419,1144587040
292003507,9230677727
1857824485,1857824489
249282205,9230976135
7798045432,7798045447
271361789,3292962035
494775296,616086868
3199334589,3740304084
206390966,317017102
1827799040,1827799078
2467873452,2467873451
1270695106,1270694178
2467873405,2467873413
308515685,1528887272
9229921634,3096127312
1270694822,1270695079
1430921378,292003507
1324159254,1769208045
5538285148,645364221
494775119,494775296
1794390883,1794390900
1144587153,1144587352
206391076,3885312076
2480248141,206305759
1507121637,1138035362
471295293,254855952
1517745152,1517745377
293768794,293769237
471352385,206305754
1869067025,1869067082
1245969022,1270694665
2691195499,3497060808
471038801,292003125
2467873451,3923344475
2266012220,1921553664
1557723501,2697439424
206305716,206306006
292005358,598453488
1144587409,1144587337
1270694657,472650935
1528887318,9915025110
2696286020,9356413177
1218232295,1218232395
206305795,1323908794
5859259848,5859259846
8988059142,2313162284
1507094609,293937266
1857824346,1857824346
255133550,973682867
287725642,458892592
2697439424,1557723501
7931549228,7931549234
1528887244,2685335455
6478964527,6478964520
317017115,317017110
1827799124,793559277
8122094044,2467873413
5454039093,2467873455
1827799121,2697439424
1270694862,292004679
1270697725,456726177
1153530831,2152230311
1218232395,9915025113
2691195273,2740122406
1144587352,2993874687
339826332,1827577765
6478964521,6478964520
270467555,6165525704
1827799135,793559286
1543144523,2480248097
6478964527,3916001988
803966229,2958483761
1827798996,206390962
1332764227,1324159227
1825312970,1825312968
206305747,206305746
7183835606,206306004
2798384587,659996990
3292962035,271361789
206305759,3916048100
433167054,433167058
494775119,3755513365
249282219,9914834403
1112601411,1112601428
279310357,14834591
9356413180,3549093216
293768794,293769031
2721604783,2721604835
270648433,461018401
2467873421,2467873414
457951252,457951242
1541490218,1541489013
287724668,3979830369
206305964,3572690526
1857824431,1857824457
2696475295,452379700
598472422,456726188
8393972478,339495384
875713756,2690819800
1507094607,1507094609
5714921542,206305747
3423757161,1324159254
2467873434,2467873442
1507121637,1507094607
2696670838,1430921350
3931044712,4520748336
2691195396,39972828
1508439225,1411343761
1611482045,1611482013
1734198429,1270695165
2697966449,255133546
270467550,271727593
302734362,728296063
1517747839,1513853590
2467873447,2467873445
2696591407,2696591421
1411343761,1424915865
1363312135,1151988637
457950881,3918352249
2721604653,325610734
1270694862,2510030372
369965927,2740122406
2696845157,325610734
302734329,2314731757
1815625404,1815625428
269647659,472693236
1112601411,1153530684
2690819800,39971671
1815625274,369965927
1270694822,1270694604
793559299,1827799153
389050681,472962294
9915025113,1245979273
3136659488,254855511
457951158,457951011
2467873455,206391099
1151988839,1151988824
1144587293,1144587157
1606684476,1543905569
2467873424,206390990
472670043,472670051
5538285148,645364485
339495384,8393972478
2993878245,2993878281
3916067412,3916067415
292005358,271183231
206305966,3572690526
1270693976,1270694822
292003773,1517745140
2691131490,1477638699
973682867,255133550
316779782,3918977091
3199421436,287498190
1112601400,1138065463
9356413179,1153530891
2369558926,5044566531
249282829,4520748319
1825312864,1611482018
1270696045,1270695136
1543144520,2480248141
293937266,4496630745
2553277574,1504546730
206390962,1827799012
1144587293,616086869
1735000974,1602364780
874474213,3174647407
471295592,254855952
8988059161,5538327478
1270694691,1270697563
457951011,457951096
1557723544,2701664265
1611482020,1826306951
793559258,1827799124
1299505024,7931549234
1815625428,3892297950
2691195548,2691195510
1430921342,7623289660
1270697725,9196485847
1748455931,1748438504
1517745377,1517745152
1543905519,1543905520
270649561,2696370653
1245978851,1783423993
292004679,1270695745
2522474501,1270694552
206305743,206305745
317017102,317017099
1748438502,1748438503
206305754,471352385
39972357,2691195499
4633219493,1794390900
1557723524,1557723490
457951129,457950775
2968525790,1825312897
1430921350,1430921343
4532478822,457951230
1869067041,2965000712
1144587103,1144587188
271183152,292005358
1144587416,1144587297
292003773,4496630746
1810174175,1810174176
1156020545,1112601428
2941971098,2313162284
3800809299,339497565
1156020537,1112601400
1270696589,1270696122
4427526427,471297766
472671258,2691131490
728296063,2696591377
1517745510,1517745140
1541489013,1541490218
3932346081,3932346077
1611482020,1772249441
1825312914,1825312916
369967725,2696261889
1517747852,1517747854
206305717,206306006
206391099,2467873455
1270694335,1270697678
2740122406,369969729
206306004,471352385
1517745140,292003773
279311006,598453514
5401265016,1477638699
2152230311,728294633
2955780079,2691195478
1829388942,293936735
4520748332,249282830
1270695106,1270694665
793559299,1827799149
2522474489,2522474501
1411343761,1508439225
2480248093,1557723544
339823942,206391084
1477638700,1117217635
598472422,1270694158
5654155626,5654155627
270648440,4532478822
1517745140,1517745152
471038814,2993878239
2480248158,2480248165
1156020542,1156020537
1477638707,1477638699
1769208052,3200014586
271361823,270286098
316272277,271361760
249282828,249282829
1606684476,8941325392
293768801,271183152
270286093,270286096
1245965561,1270696045
1869066923,1869066842
2449222675,2691545519
1557723544,1557723501
308515685,293769237
1827799135,206305975
3802336703,255133814
3892297950,3892297948
255133548,255133546
3916048100,206305759
5454039093,1869067253
1144587106,1144587337
8404336978,1883505423
1144587153,1144587106
471297766,4427526427
1659345790,1670539475
2449222674,2691545460
2691195481,2691195497
1825312945,1825312943
1424915890,1138065463
1541489006,1541538533
1513853590,1519303418
3096127312,9229921634
5661634295,472671258
1857824327,1857824381
1245965525,1245965554
279612419,472670043
2691560438,2691560409
1740078096,1270695646
1140419948,1140419948
2686979162,2686979164
2959021949,1915065750
39972333,1815625404
270286680,5538284919
3931044712,1794452775
1430927567,39972051
2480248096,1827799133
7931549234,1299505024
1411343763,1411343729
1869066866,1869066842
9356413177,1499170848
651540510,8857880362
1117217635,1111935881
2449222678,747724679
9362841817,1507094607
2314731764,3029122693
840615341,293762934
1825312965,1825312958
1521031254,3892297954
645364511,645364584
2740122316,1815625274
2313162284,8988059142
1430921342,1430921343
2685335455,1270694552
747724679,1144587211
270287819,9586395634
1270694360,1921553664
3892392883,1725127743
1748438503,1748438502
1815625381,1815625388
461018401,461017448
206391089,1825312857
249282205,7299315117
458892592,287725642
206305863,1325421697
1857824457,1857824431
472671231,1477638707
1801832932,325610734
292004755,2510030373
1769208046,1769208052
9855439475,1772249431
6174756954,8979853529
1825312915,1825312914
1606684476,1457528619
1499170848,5735997017
2691195553,2691195579
2721604783,2721604777
2697966456,2697966422
3927554020,2467873441
1480895133,2691527260
3174654434,2449222694
9356413177,2696286020
3885312076,206391076
206390990,458432975
1144587359,1144587352
1245978911,1245979257
418836039,418836072
4520748336,4520748337
39972851,2691195411
3979830369,3979830359
1757123406,1757120407
39972828,39972851
1748455940,1748455933
4147592516,4147592509
1270696015,598453453
1835674091,1504546786
2480248160,2480248141
1748455945,1825312900
1137993100,1137993097
206390962,1827798996
1611482018,1611482013
1825312963,793559277
7798045447,7798045446
5538285125,5522038264
8988059142,8988059161
1611482057,1611482059
1830440098,1499170914
2993878969,2467873442
7183835607,5714921542
1825312857,206391011
494775115,494775117
1507094607,9362841817
1734198430,1734198429
1825312919,1825312916
1270694665,1245969022
2480248122,206305963
4532478822,270648440
461016949,3978123399
1144640404,1144640368
317017099,1869067243
2691195411,39972851
1270695613,1270694335
1144587084,2301890321
2691195422,2691195422
2458181479,2691492855
249282219,9230976135
1827799147,206305745
1734189282,1270694921
302734390,302734407
7798045446,7798045435
2993878239,4496630750
2696591421,2696591407
5859259848,2721696048
1332764225,1332764226
4532478822,270648435
616086860,616086868
9586395634,1477638700
339824052,1499170914
1332764230,292003615
255133546,255133548
2480248127,2480248143
1411343729,1830440098
255133550,255133548
293764500,1311151015
287724668,457951252
1411343761,1411343763
1541490218,1540353188
206305747,5714921542
316273419,316273822
1869067253,5454039093
1611482059,1611482057
3931044712,3931044640
369969725,369969729
270467999,875713741
255133521,8988059152
206305745,1827799131
4096105967,4096105957
1825312913,1825312900
2721604771,2696845157
1825312916,1825312919
8941325392,1457528619
39971597,9804645666
1835674121,339824052
471038814,9230677736
1748438484,206391018
1825312896,1748455942
2449211257,3174647407
4147592509,4147592516
271183144,271183140
1363312205,249282178
1825312857,3111708472
659996990,659996989
249282830,4520748314
389050730,4427526427
8625744771,1144587337
1794390900,4633219493
206305746,1825312961
4096105957,1794390883
461017356,461017838
1853993490,8979853529
3892297943,3892297937
8206095018,2696286020
3497060808,3495081833
9482841544,249282184
1825312970,1825312969
2467873449,2467873447
1153530684,1153530879
1857824414,1857824431
271183144,2522474487
452430074,452430045
5912140952,2993878245
39972357,2691195510
271311907,1883505424
458432975,206390990
39971671,2690819800
206391002,1865545516
1138065463,1112601400
1776252700,2697383014
3111708472,254855487
7143380184,59643324
302734362,433178208
2467873418,2467873424
325610739,325610747
7798045432,8979865882
471965068,9362841816
458432990,1776252700
494775296,874474981
1830440098,9356413177
472650204,8404336978
3885236156,3885235775
389050708,1513853612
1332764226,1324159219
1457528619,1606684476
2696317374,2691195510
279306334,1528887211
293769226,293769237
2993877996,1517747839
1156020545,1156020542
1794390883,4096105957
1218232362,7272251615
287498190,3199421436
1270695040,1883505370
1557723501,1557723544
1153530684,1112601411
1218232395,9915025110
5454039060,5454039058
2691195345,2696318481
1815625404,2696317342
2685335455,2685335463
461017718,1915065750
4496630753,4496630745
1541490218,1541490232
1414374175,293762381
339824052,1835674121
206309912,206309908
7931549234,7931549228
369965927,1815625274
471963929,292003007
1326201342,1326201340
316272880,316272277
2685335463,2685335455
1477638710,1543905569
1557723546,1557723501
1825312961,1825312963
270648435,457950963
1883505370,1270695040
433178216,433178208
409542376,659996990
2691195430,2691195429
359205417,313029280
39972828,403169553
1528887211,279306334
206305716,206305717
1270696045,1245965561
1324159222,1324159227
9196485834,9196485836
1857824650,206391087
2691195553,2312589864
2367517757,472670051
1748438495,5454039102
1869067253,5454039058
1245965700,1245965662
2691195499,39972333
249282219,472693232
1541489013,3916067412
8625744773,8625744779
2965000712,1869067041
1245965697,1528887309
3150270643,3096127312
289436143,472962325
3199334578,289436858
1245965561,1528887309
875713741,875713756
1521031238,3136659444
1540353188,793572375
206305963,2480248117
1611482048,1611482045
1557723490,1557723524
1153530879,1153530684
728294512,316779782
457951134,1621268117
1827799153,1827799147
2691614091,2691614166
2696591377,728296063
1270694665,1218232362
3916048100,2480248153
1540353188,1540353185
5538284919,339495384
1324159219,1324159250
1825312975,1825312973
1144587337,1144587106
1528887213,1270694670
1557723498,1557723494
9104971726,1869066866
1801832915,1694296271
1857824346,1857824414
9230976135,249282205
457951180,457951011
875713756,270467550
1323908460,8783644101
270286098,270286096
1748438504,1748438502
1835674120,1835674118
457950760,457951023
494775117,494775115
747724171,2449222698
1857824426,1857824414
3800855338,645364209
1477638700,1477638713
2467873455,2467873441
458432975,206390955
339495390,8393972478
803966229,791385132
2691195415,369967725
3931044640,3931044712
494775117,3755513365
339826332,206305747
1137993095,1137993097
1332764230,1332764229
1557723524,1557723498
1725127768,1725127711
1863086450,1517745152
2691195481,3892297937
4532515384,4532515387
1869067041,9356413179
9362841817,9362841816
1517747854,1517747852
1270696589,1270693959
2292465023,3918977091
2709456100,1507122754
793572202,206305795
5401265016,1111935881
1517747839,1517747837
409542376,1430921378
2691614016,59643289
1324159227,1324159219
270408367,270286525
2467873431,2467873434
2467873454,2467873442
2467873441,2467873438
1670539475,1659345790
2690819800,293936735
5654155627,5654155626
1869067204,3506383305
1492279967,3292962035
1815625428,2691195553
5044566531,1156020542
2467873445,2467873434
3802336708,3802336703
2686979099,2686979104
4496630746,292003773
1734194320,1270695165
5859259848,1835674121
2266012220,1883505410
3136659408,3136659444
270648433,270648432
1144587297,1144587416
1725127743,1725127730
1112601428,1153530879
2696286020,1153530831
3497060808,2691195499
206391087,1857824650
254854547,3029122693
539707498,1245969006
1363312205,1151988637
1857824457,1857824467
181328700,9356413177
2467873423,2467873424
1857824467,1857824489
3978123402,3978123403
1794390900,1794390883
1528887309,1245965561
8625744771,8625744779
1921553664,598472464
2696428493,1863086450
206391011,1865545511
1111935881,5401265016
271361757,271361755
3572690526,206305964
287725642,4532478822
2480248093,2480248095
1153530612,1659345790
1153530831,1153530785
2467873454,2467873452
3892297954,1521031254
369969729,2740122406
249282184,1201964678
1825312917,1825312915
2458181479,616086868
3549093216,9356413179
1499170848,9356413177
1772249431,206390972
598453453,1270696015
9230677736,1138035360
1156020531,1829388942
1112601400,1499170905
2480248127,2480248109
1611482085,1611482048
1543905520,8979853529
1144587078,1144587153
1138035360,9230677736
1769208052,9851489807
457951096,457951134
2993878245,2367517744
249282830,4520748333
494775115,2467291286
1245965590,1883505413
271361789,1140419948
1517747859,1517747852
875713741,293936735
2691195345,2691195278
1857824630,5735997017
1477638709,270467552
2691131490,472671231
433167075,339497565
271361823,270286525
270467552,1477638709
1528887309,1528887255
2480248153,2480248158
461017718,457951158
1825312963,2480248096
1332764226,2696496640
433167058,3954277021
2740122316,369969725
1144587188,1144587153
1825312915,1825312917
2696317404,2696317386
1853993490,2553277574
2480248111,2480248104
1477638698,1543905569
5661655228,1829388941
9356413213,249282585
1153530879,1659345790
1883505388,1883505398
1430921342,1430921356
1866186711,1801832915
471297700,1915857692
369969045,418836040
3923344479,3923344475
2312589864,39972051
1883505412,1245969068
2553277568,1504546730
1546869486,2993876820
1921553664,2266012220
1270695613,1270695079
458432990,4657025589
2691195411,2691195389
4532515387,4532515384
206306007,206306006
3802336703,452430074
369969725,2740122316
616086834,1480895133
3918352249,3918352256
475001452,475001456
1825312913,1825312912
2721696048,206391084
9225274418,2522474487
2553277560,1504546685
1517745152,1517745140
2467873445,2467873447
1825312968,1825312970
270286680,289436143
249282184,9482841544
1611482048,1611482085
3954277021,339495384
1270695165,1270694691
793572202,793572375
1137993100,1137993098
5531851979,651540367
2691560418,1735000974
1504546786,325610129
206390968,1748438484
9851489807,3200014586
2691614016,2691614038
2467873452,2467873454
1363312205,1151988824
206391089,206391018
206390955,9356413180
59643285,1857824381
461017838,461017356
206309919,206309922
271361760,271361757
1138035360,1507122754
3979687316,3979687319
1144587153,1144587078
2691195389,2691195411
206309922,206309919
651540367,452379700
433167075,651540513
728296063,302734362
1144587078,1144587106
1883505423,8404336978
1611482085,1825312897
1825312969,1825312965
2480248097,1543144523
645364221,645364209
9356413180,206391076
255133546,2697966449
8979853529,1853993490
418836040,369969045
1825312917,1748455971
1602364724,4147592509
2696317342,1815625404
3927554823,1827799012
2691195457,2691195411
3892297937,2691195481
8783644101,3916166600
271183140,2686979099
255133814,651540513
359205417,270467322
616086860,616086869
645364209,645364221
471297700,3964711703
5735997017,1499170848
1611482018,1611482028
1825312973,1825312970
2467873451,2467873452
2467873421,206390955
1883505410,1883505407
206305742,1557723492
452379700,2696475295
1504546685,1602364724
271183152,293768801
1245978911,1245978851
254855487,1611482045
7197228233,1825312891
8122094038,1772249431
1606684462,270461747
1457528619,1153530684
1528887245,308515685
1734189686,1734194320
339826332,206306004
433167058,3800809299
3506383305,1869067204
1857824650,3124261693
791385202,791385163
2691560409,2691560438
471352385,206306004
293768801,271183231
3923344478,3923344475
1430921343,1430921355
270459638,39971671
598472408,598472422
3495081833,3497060808
1748455971,1825312917
598472422,598472408
1740078096,1740078095
2696496640,1332764226
293762318,293762934
1865545516,1825312891
1144587419,1144587416
1825312971,2480248104
1543905589,2993876829
1772249441,1611482020
2697439424,1557723494
325610129,325610134
2480248117,206305963
1863086450,645364584
793559277,1827799124
5454039103,5454039102
1270695079,1270694822
1144587157,1144587293
270286857,5531851979
418836072,418836039
3918977091,316779782
1477638701,270467550
3979830359,3979830369
1270695745,1270695192
292004706,292004755
1332764244,292003615
472962470,612635765
3964711703,458433748
339823942,339824052
206305759,2480248141
1504546786,5735997017
1810174176,1810174175
8393972478,339495390
1694296271,1801832915
2691492855,2458181479
3136659444,3136659408
1156020545,2369558924
369966026,418836039
1270694552,2522474501
9915025113,1218232295
1886298653,1757123406
3954277021,433167054
1270695106,1270694638
271361755,292003773
389050708,1519303418
2691195273,2691195278
3136659464,2993877996
1825312960,1825312965
1245965662,1245965700
791385163,791385202
3174647407,874474213
2449222673,2449222674
3964711703,3964711699
2553277568,8979865882
5262400871,471352385
2697383014,1776252700
5661634296,472671258
472962439,3199334585
2367517757,316273419
1144587084,1144587076
254855487,206390999
793559299,1827799155
3979830744,3979830741
2458181702,2458181683
598472317,2266012220
181328716,1835674126
1827799012,206390962
206391076,206391086
1245969022,1245969052
1151988824,1363312205
2467291286,494775115
181328716,5661655228
1815625274,2740122316
1270694552,2685335455
3964711703,471297700
292003507,1137993087
458433748,3964711703
9586395634,270286093
4095887639,1144640368
9196485830,9196485834
3137326866,2696370653
2467873424,2467873423
1270697678,1270694335
271183152,293769226
270459638,8941325392
659996990,2798384587
471296332,3932346077
86004446,3022661252
456726177,1245965664
3916067412,3916048100
1245965664,456726177
325610739,4224283155
598472464,1270694657
1477638698,1606684462
3022661252,302734390
461017448,461016647
472650935,1270694657
616086834,3755513365
292003630,409542376
1245965590,1245965525
39972051,1521031240
292003125,292003296
1835674121,1835674120
728294512,2480248093
1827799131,206305745
316273419,206305716
1611482020,1611482018
2686979164,2686979162
598472408,598472393
1825312975,1825312972
1144587040,1144587419
2697966422,2697966402
3136659444,2993877996
9356413179,3549093216
293762318,834435717
1673625313,1673625306
2697439424,1827799121
339495384,433167054
302734390,294130569
206306004,339826332
389050708,389050706
9196485836,9196485834
2247708185,2247708195
2522474487,9225274418
1245965561,1245965662
457951179,457950821
2150565679,2691195389
270467555,1477638707
206305795,206305863
2993878026,9229921634
270648432,270648433
1757120407,279306334
5661655230,2369558926
2740122316,2691195270
9223897270,1886298653
1270695192,1270695745
1543905589,3137326866
2691613950,3515726119
1137993097,1137993100
1541489013,1541489006
457951230,3979830369
2449222694,3174654434
9230677727,9230677726
1827799149,1827799135
1324159254,292003615
1857824489,1857824467
3916166600,8783644101
3892297950,3892297947
206391011,1825312857
1734198429,1528887304
4496630760,4496630753
2314731757,302734329
7798045447,1801832935
1869066923,1869067041
2686979162,1733789540
3892297937,3892297943
3979830369,457951230
461016891,3979687316
2526182178,1411343763
403297623,2696317386
1825312917,1825312896
1144587352,1144587153
4496630756,4496630760
2313363516,2312589864
1602364724,1504546685
1666854915,2691614079
7299315117,249282205
457951134,457951129
457950775,457951129
1835674118,5859259854
3918352256,3918352249
1921553664,1270694360
1825312900,1825312913
2691614092,2691614079
1733789536,1733789540
2467873428,2467873423
1865545511,206391011
471296583,471296332
270469129,359205417
1825312914,1825312900
2467873413,8122094044
1740078096,1270694552
2467873442,2467873454
4665551433,475001452
2449222698,747724171
645364221,651540510
9229921634,206309919
271183231,292005358
1611482028,9855439475
292003615,1324159254
1111935881,39971568
1827799153,2993882296
1245965470,1245965662
369969729,369969725
3572690592,3572690526
5522038264,8857880362
2691195464,2691195481
1156020537,1112601425
2247708195,457950851
3572690526,3572690592
2467873441,2467873455
2467873423,2697383100
5912140952,472670062
2941971098,651540510
4172900951,313029280
317017103,317017102
1270694657,1270696510
457951134,457951096
1270696015,598453488
3549093216,9356413180
1825312896,1825312915
1825312961,1827799131
1602364780,2691560409
1869067041,3932139751
270286096,270286093
471038808,9230677726
1540353188,1541490218
5454039058,317017103
3124261693,1857824650
3029122693,254854547
2480248169,2480248158
293769237,308515685
1827799155,793559299
452430045,452430074
316779782,728294512
1156020542,1156020545
39972851,369965927
1430927542,1430927567
1869067025,3931044596
1138035362,1138035360
1825312972,206305745
1112601425,1156020537
1915065750,2959021949
270286098,271361823
747724679,2449222684
2313162284,339497565
875713741,270467999
2691195497,2691195481
39972333,2691195499
9860452018,1869067082
1826306951,1748438485
1915065750,461017718
1621268121,457951129
270648432,461016949
2691195425,2691195430
1430921343,1430921342
9851489807,5538285125
1218232362,1270694665
3495067464,2955780079
39972333,1815625388
1430927567,1430927542
9915025110,9915025113
2697966422,2697966456
279306334,1757120407
1543905569,1606684476
3755513365,616086834
2691614166,1666854915
206306006,206305716
6165525704,270467555
1606684462,1477638698
206305747,339826332
2691195579,2691195553
659996989,659996990
302734362,2696591421
3923344479,3923344474
206305746,206305747
973682867,973652803
874474981,494775296
206391084,2721696048
1324159227,1332764227
2480248097,2480248127
4496630762,4496630760
249282829,249282828
2697383100,206390961
59643324,3885236156
1151988693,9356413213
1611482223,1611482013
1557723492,206305759
472670043,2367517757
2480248165,2480248158
2480248095,2480248093
1825312968,1825312971
270286525,271361823
1857824431,1857824414
2696845157,2721604783
7299315117,1915858355
1557723498,1557723549
2449222684,1144587416
1825312972,1825312975
206309908,206309912
1144640368,1144587076
1815625274,369969725
1144587153,1144587188
293769237,293769226
645364584,1863086450
206305745,1825312972
9196485847,456726188
472962325,389050681
6174756954,6174756952
255133814,1201556536
2449222690,2449222684
4634611285,293762934
359205417,270469129
5859259853,1835674118
2697383100,2467873423
271727593,270467550
1156020531,2369558924
1326201340,255133550
791385163,803966229
1270694178,1270695106
539707498,1245979273
1528887213,1270695040
1827799124,793559258
1411343729,1411343763
1557723498,1557723524
1666854915,2691614166
8988059161,255133521
1156020542,5044566531
1829388942,1156020531
2247708195,457950935
1137993098,1137993100
302734407,389050681
2467873421,206390961
1477638708,359205417
1326201340,255133575
475001452,4665551433
292003615,1332764230
59643289,2691613950
206309908,254855513
651540367,8393972478
2467873413,206309912
206390968,206390966
1144587157,2458181479
2721604653,4096105973
1411343729,1424915890
6478964527,6478964524
293937266,1507094609
293762381,293764500
