3174646494,6808179963
829473598,829469804
392133160,364719553
3008826529,2723617861
3174646303,9343787789
1175547872,1175547871
3123624103,1366994762
1175547686,1175547675
645595416,1175636864
339862221,8566779872
2467341706,2713608226
1610620923,1610620929
3104040492,3104040493
392133212,392133207
833228361,1707091491
4335947076,364561964
1149468808,1149468829
60939889,432434777
1175548132,1175548118
1175563768,1175598497
5136265777,4292910318
2467341714,2467341716
1509836886,338817877
2982541684,2982541691
3258013019,1459104573
3259663762,3259663764
1366993852,1366993828
3104222931,495962749
871073648,871073641
364716113,8937623775
385249499,364386827
364717162,1499170017
417722716,1499169932
6762373477,6762373480
3579094504,60960867
1782390767,1782390797
309739413,1854898490
8558200731,8558200731
1525015060,388409112
449186515,449186490
519443867,519443852
389050620,389050625
1499170017,364717162
2713608240,340120339
1822135684,2713608445
3264543943,3264544769
290107475,493792123
1309332675,1309332683
9645761175,1706977155
1573396470,516200455
1175598432,1175598596
3147650358,3147650524
338760890,339208697
1782665416,3123624121
2723620271,4196631382
2713608240,2713608260
3579094357,281761473
385248379,364386835
3147650524,3147650358
4292910302,4293863222
8558200904,8558200906
1175547675,1175547940
1175652720,39981300
3579094506,3579094518
339156707,339156708
338775931,9865321443
403200692,403200699
668210915,668210916
1175598432,1175598434
1499170003,364385621
3993328302,3993328305
759042612,364184460
4178776585,4178776596
1720371445,668210916
2713608445,2713608396
3269122670,3269122682
1309362014,364379088
1782660330,1782660321
281761471,9865321443
4294953459,4294953473
1937179740,1937179923
374137343,8420020683
1175652740,1175652720
2713084448,2713084465
1708345713,4193965827
281761445,4294999803
759042849,759043431
1937179742,1937179923
955883411,798341940
364391191,364391186
1632516419,9737939822
2744178749,2744178737
295828850,1822135862
1499169932,5431385204
410852143,506168249
364715952,1309332670
1782392836,1782390767
2713608413,403200692
2835198018,3269122686
2835198002,2835196900
3104222647,495962749
3104222721,3104222660
3267100992,1942730695
1175628370,39981289
3579094518,2744178749
610940716,4710615644
60336283,495982396
1525001578,1525001576
4292910314,4292910312
386070391,1499169852
882942161,6251373245
3258013178,1459104573
1175563485,1175548673
1707091491,833228361
829469399,8872460928
2713085008,449186324
364393950,390372772
2467341686,2467341692
668102191,668102192
1175652906,1175652828
2835198021,2713608029
970626133,2671838163
3104040502,3104040501
511161401,511161392
1708345715,1708345713
3008826576,3008826593
3147650358,338760904
2723617698,1937179906
295828495,723197779
290107414,4292910305
618443691,4294982617
2744178765,2744178762
441588289,5674663841
3104011343,3104011342
340296598,2723617620
310817133,388409260
364561971,4335947076
2723616366,60958552
449186515,310817133
2723618884,3008826904
2558302188,309739324
3993328305,3993328302
1175548673,1175548724
3008826383,3008826412
2835198008,3269122686
379125570,379125609
2713084448,2713084495
1366994762,3123624103
3579094503,496010284
3199176977,60960802
2351539862,309739401
2723618744,2467306040
1175563569,1175563513
1525020116,1525001583
621892218,3121298290
364391186,364391191
511161391,3497117548
1175563754,4337218664
3993328305,510820719
3104040497,3104040492
382968950,496036063
8422696955,364387222
5089073176,3497117545
432434777,60939889
8900270044,2723617643
2713608213,2713608258
364386835,385248379
2713608275,2713608258
495962311,495976927
3008826910,2723618884
1175547686,1175547697
3104222931,357187339
369999633,369999620
3263548468,3263548462
389050609,3579094630
955881091,310817133
2723618362,1499170560
4292910318,4292910322
829471596,829471577
2723618754,2140022285
8558200731,495965765
3579094389,3579094361
403198270,388409249
1562475553,338957240
4292910311,281761443
2835198021,2713608240
980280293,1610621068
4293863223,4293863222
3267100994,3267100993
496012403,364719557
338957166,338957167
3579094361,281761473
3579094490,40128625
9645761175,388385568
2467341703,2467341707
281761594,374138285
2713608275,2713608267
759054012,759043384
3813781987,8722261901
295828850,4729094735
2723618876,3008826909
281761454,4294999794
415816288,620011704
1366993889,1366993915
9216510357,1309332675
465700767,281761592
388385682,1499169852
3264544769,3264543943
460895364,496034987
3747830750,3747830767
339156745,338760885
496014801,281761451
6784487410,6784487422
8872460928,8872460925
9645761657,9645761662
388409260,310817133
3534141580,8561078989
1175548724,1175548673
4623398288,364387004
496041602,496041728
2713085008,449185781
8558200904,2467306044
495982279,3137896149
511161391,5089073176
1175652306,1175563694
3579094357,495974814
6762373480,417722715
1707091407,4193963205
3123624103,3234283479
1499169852,388385682
9343787762,309739308
8422926873,374137343
1782390797,1782390767
1525001576,1525015061
281761469,3579094357
4292910314,5136249068
723198084,2708839063
2744178779,2744178762
2745415785,2744178756
290107470,9223380567
1716416362,1256097385
8561078989,8561078987
9871582586,9871582597
1525015060,1525001574
874475291,1509837087
6808179963,369968988
281761542,338957189
364716141,338491056
2713608260,2713608240
871073648,4292881953
2467341716,2713608295
3255829864,1169796925
829469804,315860555
1175565811,1175565846
3210669543,3210669546
2835198021,2713084257
338760919,496012678
354394548,668102191
955879107,955879323
338892235,2723616369
1175547871,1175548036
1175563569,1175563550
1175547968,250155148
668102205,315860438
3104222635,3104222647
3104223020,3104222724
315860562,315860563
3008827013,3008826522
1525020112,1525020110
2723616833,2723616768
1528691593,290107417
3147650181,2467306045
4335560770,2471773786
759043431,759042612
2723619149,2723619329
2713608413,759043431
3747830746,516200238
1149468829,1149468808
415816301,415816291
309739414,309739419
495981475,281761613
663893065,510820828
1177040305,1177040309
4292910327,4292910325
1175547550,1175547775
1782665416,2713608029
388409249,403198270
8561078987,8561078989
417722716,417722719
1499170560,2723618362
3921201394,338957167
3008826593,3008826576
392308084,309739403
1937165288,1937165438
829469798,829471577
1610620977,340120355
3008826964,645595068
364391186,1309362014
309739401,309739398
432434935,9870699922
4335560770,3747830737
1782390797,645595382
1610621054,364184460
281761576,281761912
496012403,5320493417
2723621551,1782622391
3104040501,3104040502
385270473,281761576
449186788,449186532
3264543943,250155213
1937179906,3008826484
3747830737,3747830750
495976927,3993328305
3008826899,2723618744
3082710091,874475291
338957197,1937165321
309739398,2083270577
338892235,3579094361
516200455,1573396470
1175548443,1175548380
5320493831,5320493417
1309332683,364379088
645595062,3008826964
874475291,3082710682
668210924,1707091451
3104002461,3104002472
2835196890,2835196887
8722261901,3813781987
4292904344,2723619259
9645761801,1720371445
1175548380,1175548118
3622401213,3622401205
3104222720,3104222668
354394548,668102205
9209241340,415816291
1610621016,955887234
3104018765,510820788
3272665317,3272665315
6251373245,882942161
980280293,980280304
1149468866,3269117234
281761471,281761467
645595068,3008826964
1366993915,1661125835
4292881915,2723620773
309739413,309739411
338771560,496012675
9776134032,281761599
1175563550,1175563662
1707091491,1707091488
315860562,829477720
385248379,388385682
798341936,955881091
449186324,449186433
8567320941,392308079
3104223163,3104223047
9737939822,364184460
3747830746,3747830750
290107424,3255829864
1175652740,1175652577
4193963441,668210916
4292910305,4292910306
4294969397,1499170560
1709895800,315860550
511161391,511161409
3008826522,3008827013
955884219,403200671
392308084,392308079
3579094389,3579094375
4335105976,355640106
315860555,829471558
3008826909,3008826930
3147664128,980279930
759043384,759054012
4178180694,1368195674
1707091491,1720371445
496012675,338771560
1524973901,1524973938
3008826882,2723618671
1175548332,1175548490
1509836851,3829769290
1175548724,1175548740
1175547871,1175547872
4623398288,4623399090
5089073176,388409249
3272665315,3272665317
9645761662,9645761657
281761454,496015324
2713084465,2713084448
465700741,465700717
3747830737,4335560770
374137235,8422926873
2723618884,645595062
874475228,3174646656
1175598607,1175598596
3747830746,3843478822
1175547775,3264551712
516200192,510820719
429900667,338957240
3264544776,3264544767
2713608277,2713608260
4292910322,4292910323
1707184998,495993260
364393950,364385625
441588288,441588285
1822135671,1822135684
290107462,389050620
1175548067,1175548202
3255829865,1169796872
1945895847,432434777
3269122670,2835196897
496015324,281761454
668102192,668102191
5136248813,339156744
1175636905,1175652306
9343787752,9343787762
281761454,338760936
338957197,1937165184
496014801,338957167
510820828,510820837
1175563513,1175563550
3147662433,290107417
449186490,449186433
364717162,364379088
417722712,417722714
3104002461,516200192
281761461,495965765
374137787,374137758
2744178765,2744178749
355640052,2723620773
510820861,510820828
3008826383,1937165110
4193963205,4193963077
3147653729,3147653740
339156744,2723619329
496041602,281761599
465700765,465700767
576355531,8568532393
1256099822,429897708
1822135862,295828850
389050625,955879107
3008826879,8558200904
374138285,281761592
60939896,495982396
2677394494,510820821
9343787778,3174646303
390376424,465700767
723197779,295828495
8937623779,8937623775
432434885,533724982
1175636864,1175636905
2467341685,2467341682
506168250,506168249
874475228,3174646488
364385621,364385625
4196631381,4196631382
4710615667,364716113
364717119,364717329
281761576,385270473
1610620944,759054012
1175547940,1175547946
668102191,533724982
1782390806,1782390797
1175548371,8197540797
379125609,379125570
980280293,364184460
2835196887,3123497634
1175548490,250155160
364716122,4178887077
1459107021,1459104573
369999633,841637484
1716416362,1716416349
281761445,281761443
3269117234,3269117226
2467341714,2467341708
2723619259,3008827246
495980963,281761613
645595068,3008826999
3147650524,2723618889
980280151,2713084495
315860438,668102205
495965765,8558200731
510820874,429854199
2713608392,1610620977
403200699,955887234
4178308703,4178308697
2467341693,2467341692
1525020108,355640052
2835196897,2835198008
2083270536,2083270530
1256097385,1716416362
2467306011,2723618666
415816291,9209241340
1499169932,5431385214
281761588,390376424
281761429,40128625
668210915,495989946
3104040491,3104040492
3123497633,3123497634
339156702,338957184
1175563513,1175563569
364717329,364717162
340296598,2723617420
8422926873,8422926872
519443852,429897708
1499170017,1499170003
250155148,338911646
338957240,1562475553
3008826887,2467306076
338491056,364716141
2467341697,2467341695
1175598596,1175598599
495962755,495962763
1520586729,3117357872
2467306040,2723618744
369968988,6808179963
9223380567,955880154
2467306040,8558200906
3104011329,392133217
3843478829,516200192
449185781,290107470
370001078,370001076
315860555,315860554
8558200906,8558200904
8872460928,829469399
338760936,9645759594
634360422,2723616768
829477577,829477464
759043431,2713608413
1175547889,1175547675
1175636864,1175652392
340120341,340120339
510820859,3747830749
829470530,829471558
339156729,5135488441
3210669543,3210669982
1573396470,1573396488
339208683,338760878
374138285,465700712
618443692,618443691
1822135671,1822135649
506168250,8567320941
3104040499,3104040493
3267100993,3267100992
417722699,374137235
36454465,1366993697
374137235,417722699
309739414,1183409620
388409249,874475416
3008826576,2723617861
621892216,3121298290
338817877,1509836886
1309352770,1499170017
1610621068,980280293
3104222724,3104223020
8558200906,2467306011
8422799736,8422799735
441588289,5674663840
1175563550,1175563513
315860420,3119520897
2713608445,1822135684
357187339,3444915405
1525015061,5135488441
3174646488,3174646494
3264544767,3264544776
392133217,429854199
415816313,281761599
370001077,1175548225
39981300,2671761471
3008826545,3008826571
1707091539,668210924
496015324,4294999803
829474041,829470530
60958552,1520528949
3147653689,4178180694
510820874,510820863
668102205,1707137062
4047435983,4294982604
1175563694,1177040895
2723618362,1366993697
980279930,3147664128
984013118,1256097385
8422926873,374137235
1175547889,1175548030
3704293689,369975897
495989152,495994956
309739308,3174646303
388409188,1782622391
723777537,295828393
3008827013,3008826999
309739411,392308084
315860550,1709896080
1175563754,4337218665
309739411,309739413
1707091488,1707091484
1937179923,1937179742
364379088,1309332683
2677394494,392133217
1175628370,1175628643
1175547946,1175547940
3008826909,2467306076
516200192,3843478829
355640106,4335105976
259527659,620011704
3495104171,388409260
4292910330,1525001583
39980969,1175563579
338957166,338957157
1175548177,1175548380
8478495015,4199256486
364715952,385270461
8568532393,2723619216
250155574,1953042728
4292881945,4292881953
2713608410,2713608394
374137343,374137758
388385568,9645761175
1175548332,3272665315
2708839063,723198084
1707184998,1707184996
4292910318,5136265777
3269122676,2835198018
3123497633,3257176016
1175563694,1175652306
338868713,364716150
496014496,496014801
339862221,1366993820
315860420,9906506549
4710615664,4710615667
620011704,415816288
9343787778,495961626
250155444,1459107021
338760915,338771560
1525020116,1525020108
1175547566,1175547550
663893065,392133212
1757325807,1757325896
496014496,338957156
1782660321,1782660299
1509837087,3174646656
2471773786,392936083
9906506547,9906506549
315860562,829477464
2713608254,2713608258
4292910325,4292910327
5135488441,339156729
338957274,281761576
388385574,1706977177
1782660171,1782660321
3147662871,8566780652
4294982627,2723620773
2982541691,2982541684
9906506559,1499170003
2723617643,1937179906
315860550,315860512
798341936,493792123
9223416366,955880154
1044517336,1520572653
1459104573,1459107021
2723620773,4292881915
3269122688,3269122686
1177040593,1175563662
3234283238,576355110
1366993733,1366993772
1366993852,1370783516
364716125,364716150
2835196882,2835196883
338760904,3147650524
40128625,3579094490
495962755,495962749
415816289,415816288
567227738,340120333
829474123,829474041
364386835,364386827
1499170654,4292881945
3082710684,3082710682
4294969401,4294969397
3579094568,340120333
338957240,429900667
495989946,533724982
829469804,829469798
389050620,389050613
6762373480,417722716
2745415785,1175628370
4178308697,4294969474
668210924,833228361
955879323,955879107
4196631382,4196631381
2835198002,290107424
4292910316,4292910318
829471558,315860555
2744178737,2744178749
8478495015,2709311821
3008826904,2723618884
4294953466,7867402987
281761461,340467558
6784487422,6784487410
4294999803,496015324
8422799735,8422799736
4294969397,4294969401
829487588,388385574
338760870,338760893
1707091517,1707091539
4710615667,4190731780
388385564,829473807
1499169932,417722716
339156745,338760870
3147654475,3147653740
364717042,417852726
1177040305,1177040307
970625833,2982541684
1366993847,1366993873
759043384,955887685
495961626,9343787778
340120339,340120335
2835196883,2835196879
8568532393,576355531
374137343,8422926873
3843478812,3843478829
3497117545,5089073176
309739324,2558302188
4292910305,4292910302
392133207,495962311
495981475,2723616366
3269122675,3269122667
2467341695,2467341707
3008826964,645595062
3829769296,3829769290
4193963205,1707091404
1707097124,839397476
493792123,798341936
1707091408,1707091407
290107424,2835196900
379125609,8422799736
8598477750,3104040501
3008826999,3008827013
2713084257,621892218
339156707,5320493832
389050634,389050625
1175652835,1175652740
2835196883,2835196884
1366993714,1366993697
441588288,441588289
1177040304,1177040305
645595382,1782390797
4710615667,4710615664
668210916,4193963441
829469798,829469399
2982541684,970625833
2709311960,2709311849
338760901,2723618889
1366993915,1366993889
415816291,415816301
338957156,338957157
2083270534,663893067
3747830737,3747830749
9871582586,2671761468
3123497634,2835196887
1782390766,1782390767
576355531,2723619259
1782390767,1782392836
2467306045,2467306041
9220643231,6784487412
281761760,465700712
4292910302,4292910305
519443852,1562475553
2723619371,2723619391
2713608353,340120335
392308084,309739411
3174646380,495961629
364716125,364716122
3104223028,3104223163
3174646447,3174702732
385249499,8422696955
3469338982,955885533
3008826484,1937179906
2467341697,970626211
4199256486,8478495015
281761760,465700719
370001077,370001078
4294982627,290107420
441588285,281761613
281761440,281761438
3444915405,357187339
2671838163,2709311772
2982544859,2982541684
281761592,465700743
759043384,2713608358
417722721,417722715
1256098519,1256094356
364387004,385249499
3008826567,3008826545
60939889,1520572653
1149468805,3147662871
2713608358,340120317
364715952,364379098
1782622391,2723621551
2745415793,5029500922
2467341716,2467341714
2723617861,3008826529
3082710091,3082710098
3259663764,3259663762
2671838163,970626133
340120323,621892216
392308079,8567320941
338957274,429900667
60960802,916431452
281761489,645595068
2709311960,2713608445
1366993714,519443867
1149468866,2835196884
4178308692,36454465
6784487407,4703752732
410852143,309739403
39980969,1177040304
495961629,3174646380
1175598379,1175548673
388409260,3495104171
1366993873,1366993847
40128637,339156708
829469399,829469798
392133217,3104011329
9235054397,385268539
495976927,495962311
2723619259,4292904344
1175547675,1175547686
8872460925,8872460928
60960867,3579094568
1175598599,1175598596
1509837087,874475291
2677394494,510820874
364391191,364393234
1610621046,2713608373
374137758,374137787
2713608199,2713608226
3008826412,3008826383
3147653740,3147653729
315860492,315860512
1175547940,1175547941
1175563662,1175563550
2835196884,3257176034
645595416,1175652720
4292910316,5135488441
355640108,355640101
723777537,723197779
39979031,3534141580
385248379,1256097385
250155574,3256387647
4294953459,4294953458
980280304,1822135684
1782660352,3123624121
309739413,1573396488
340120331,955885533
668210915,9645761801
495974814,40128787
4294953466,4294953459
5609613017,3210669546
829474041,315860420
1937179740,2723617643
338760904,3147650358
2713084448,2713084462
2723616369,40128715
3843478822,516200190
281761595,9776134032
309739396,392133178
2467306095,281761483
1707091422,1707091408
281761483,3008826904
338775931,3147650358
417722712,9220643231
1366993889,1367012852
9871597381,3264544776
2713608371,2713608361
3497117550,511161392
3104011329,3104011340
510820828,510820861
3147650358,338775931
3263548462,250155213
1169796872,1149468808
2723621551,1782665416
315860550,1709895800
1175547871,1175548030
3622401213,495982404
3471010795,392936083
369975896,3264544767
356932947,356932936
1175548332,1175548321
4178308692,4178308697
40128578,645595090
388385602,315860512
3579094606,567227738
364393234,364391191
829477464,829473598
1175547822,1175547550
5136248813,339156729
1757325807,3190150206
495989946,668210915
2713608029,2467341685
281761595,386070278
290107462,955879107
8872455614,8872460924
3118523735,516200238
338760878,338760867
1175547968,1175548776
4623398288,364386827
495994956,3119520897
3008826545,3008826535
281761443,281761440
4294982588,4294982589
309739403,309739401
338760936,496014496
1573396488,309739413
9343787762,9343787752
2835198008,3269122667
496014496,338760936
3174646465,3174646398
3174646656,874475228
3267100992,3267100993
309739396,309739398
340120335,2713608353
60939896,315860537
364716122,8937623775
2467341689,2467341690
392133178,309739396
2709311772,1782660352
3104040491,3104040495
309739419,8197540797
1366994762,1782660171
576355110,3234283238
1610620929,1610620923
510820719,516200192
295828495,723777537
364716150,338868713
417722699,6784537588
496012678,338760919
1175652740,1175652835
2713608445,2709311960
3579094490,3579094503
36454465,1499170560
2744178781,2744178756
36454465,4178308692
3051945249,364717119
417722715,417722721
1175548380,1175548177
2467341716,340120341
2723619244,496012403
1366993697,1366993714
339156709,281761268
339862221,4294982588
1175652835,1175652828
4178776596,4178776585
449185781,2713085008
364561971,383659725
3579094606,340120323
3104222720,3104222654
1175652596,1175652580
3269122686,2835198008
370001078,370001077
1309332670,1309332693
40128625,40128637
829470530,315860554
1370783516,1370783541
429854199,392133217
1525001583,4292910330
4293863218,4293863223
4292881945,1499170654
465700775,465700763
1175598596,1175598607
3843478829,3843478812
4606094553,8422696955
364561971,364561964
281761469,3444915405
510820837,510820828
1459104548,6251708868
8937623775,364716122
1782390766,392133178
3104011343,3104011336
465700650,281761594
980280304,980280293
1175565811,1175565821
510820859,516200178
4178180694,8568590714
39981289,1175628370
1716416397,1716416362
2713084840,449186532
955885533,3469338982
3104040499,3104040501
4292910305,290107414
3008826567,2723617861
2713084462,2709311970
40128787,338892235
60939896,1520586729
3104040501,8598477750
369999620,369999633
1309332683,1309332675
290107420,4294982627
3264544769,3267108273
338760882,338760915
829478062,533721103
1368195762,1370783516
2713608401,2713608410
295828495,2713084495
1368195678,1368195674
2671761471,39981289
338957189,281761542
1175652757,1175652577
8478495015,4199256481
1175652421,1175652473
309739396,2351539862
495962749,495962755
1525020108,1525020112
2835196897,2835196896
1366993697,36454465
1509837087,3829769290
2835196896,2835196897
354394548,495989946
1175652392,1175652398
3104222647,3104222654
364184460,9737939822
2713608373,2713608379
8566779872,290107417
1370783541,1370783516
829471577,315860563
4292881953,871073648
1720371445,1707091491
510820821,2677394494
496012403,2723619244
290107417,3147662433
340120317,621892216
1175563485,1175563513
3008827027,3008827252
4294982589,4294982588
355640106,1509836851
1175563550,1175563569
417722692,374137177
8422799736,379125609
340120355,1610621046
340120337,340120341
1175548177,1175548067
3104222654,3104222660
388409113,1525015056
3104011340,3104011329
1822135649,1822135671
495961629,3174646494
516200238,516200455
1610620991,1610620977
955883501,955883730
281761443,4292910311
338760870,339156745
364385625,364393950
338817877,4294982593
465700721,281761760
829487568,1708595848
3534141580,3534130546
1169796872,2835196882
496012675,496012678
1175548118,1175548380
2744178751,2744178762
496041602,2798384060
3104222654,3104222720
364379088,1309362014
3747830767,3747830750
3121298290,621892218
356932936,339156702
9645761657,1707091407
495987584,495985987
340467558,4047435983
1757325896,1757325807
2713084462,1822135734
3579094714,281761429
1942730695,3267100992
874475372,874475291
3008826788,2723618671
829473807,388385564
2467306011,8558200906
1708595848,829487568
3234283479,3123624103
3579094630,290107475
309739398,309739401
1499170560,4294969397
309739308,495961637
338868713,338491056
2835196887,2835196890
874475416,874475372
2713608267,2713608275
955883730,955883501
465700765,465700775
1175547947,1175547946
3104222668,3104222720
370001076,370001077
417722716,6784487402
496015324,9645759594
1309332670,364379088
364716135,364716125
281761595,386070486
1370783522,1366993873
3104018765,8781257750
388385574,829487588
403200787,9737939839
417852726,364385625
1177040341,2723620271
3174646463,874475228
1366993697,2723618362
9865321443,9865321440
8386876717,2723621551
533724982,668102191
1525001578,4292910323
338760870,338760885
2713084257,2835198021
1366993820,1366993812
389050625,389050620
2713608288,2713608260
3579094568,3579094714
309739419,309739414
759054012,1610620944
3104223047,3104223163
882942161,3259677195
970626211,970626133
1822135684,980280304
8872460928,495995014
310817133,449186515
1175548673,1175598379
315860555,829469804
338760893,338760890
432434777,432434935
495982404,3622401213
1366993828,1366993852
364379088,364717162
970626211,2467341697
984013118,2934594007
874475372,874475416
2723616366,60336283
645595062,3008826567
1524973901,4292910322
1854898490,3259677291
3008826576,3008826548
3444915405,281761469
3497117553,452379852
3993328279,510820719
759042849,1610621016
1707184996,1707184998
374137177,417722692
3269117234,1149468866
668102205,354394548
415816288,495982279
2723620271,1177040593
1632516419,1632516408
3082710093,3082710091
4333943028,39979031
364386835,1256097385
4292910330,4292910327
8012976106,388385574
338868713,1937165110
3829769296,355640052
2713084519,1822135734
2467341707,2467341708
403198270,874475416
2934594007,1499169799
465700721,465700719
403200787,403200671
9343787762,841637484
383659725,281761594
429854199,495962755
340296598,281761537
3123624121,1782665416
338957167,496014801
4294982593,338817877
339156708,339156709
389050634,3199177008
2835196900,2835198002
3117357872,1520586729
2723618671,2723618666
4294982594,4294982593
1459104548,1459107021
6762373480,6762373477
315860554,388385564
1706977177,9645761175
1175547889,1175547909
1707091539,9645761801
3008826882,3008826899
4292881945,281761438
3119520897,495994956
1707097124,668102191
2713084519,2713084454
510820828,663893065
388385602,388385682
374137177,8422799736
1822135734,980279930
2713084495,2713084448
970626133,970626211
1632516408,1632516419
4294969474,4294969475
250155148,1175548030
1610621068,1610621054
668102192,9645761561
2467341690,2467341689
417722719,417722716
1937165321,338957197
403200692,1632516408
465700719,281761760
8900270044,3008826498
3497117546,3497117550
364716150,364716125
1708345713,1708345715
40128787,3579094375
980279930,980280032
290107424,2835198002
2467341685,2713608029
1813756047,3469338982
3264551712,3264551717
4294999803,281761451
417722715,9220643231
829469798,829469804
1175565811,9343787585
1175598579,9343787585
2505683377,369999633
385270461,364715952
2709311821,2709311849
2835196900,290107424
3123624121,3123624124
3147662433,8566780384
4193971098,386070278
829477464,315860562
60336247,1256096491
338817877,364719553
3008826484,281761537
3812566282,3812566284
495985987,1708595848
9871597381,369975897
1525001583,1525001574
315860563,829471577
3104040492,3104040497
2467341693,970626211
3497117546,3497117545
3497117550,3497117553
9871582586,1175563485
281761714,390372772
495980963,5431385214
621892216,340120323
364561964,4335947076
3174646488,3174646380
8872460924,8872460928
357187339,3104222931
281761440,290107414
338775931,364719553
3119520897,432434777
392133212,663893067
338760901,618443691
495962755,429854199
1368195635,1368195674
1175652835,39981300
1937165110,3008826383
955887685,759043384
2835196897,3269122670
364717042,385270461
2467306040,3008826882
6784487402,6784487412
250155213,3267100992
2713608226,2713608199
2713608295,2467341716
4292904344,4292904370
4294953459,4294953466
1175652392,1175636895
1610620977,1610620991
460895364,281761581
3259663762,3259663763
39979031,495961626
281761542,1937165110
3812566282,1175563802
465700650,386070486
2467306044,2723618744
1708595848,495985987
1175548321,1175548332
2713608373,1610621046
382968950,364561964
495987672,1707184998
356932953,356932947
1368195678,1368195700
364719557,8893472888
2713608226,2467341708
4710615644,610940716
3259661651,250155444
1175598497,1175563768
392308079,392308084
1708345795,495987584
610940716,610940722
390372772,364391191
4294953458,4294953459
3210669542,519443867
281761537,338957184
417722692,417722699
281761467,281761469
511161392,3497117548
2467341685,2467341689
2982541684,2982544859
4292881953,4292904344
1610620923,403200699
364717162,364717329
3104011329,3104040493
429897708,519443852
3267108273,3264544769
1782390806,2083270536
2671761471,39981300
339208683,338760882
3579094714,496010284
1459104573,3258013019
281761542,281761779
2471773784,2471773786
1525015061,1525001576
281761467,495965765
1175548490,1175548506
2671838163,3400529428
3263548462,8197540797
355640052,3829769296
309739324,2505683377
2713608258,2713608275
1175598357,1175598363
829478062,315860563
339032156,338760919
4292910314,4292910316
3104222720,3104223020
1309332693,1309332670
338760867,338422345
356932947,356932953
465700775,465700765
510820859,2723616768
2713608358,2713608361
1822135649,2713608375
1177040304,39980969
9343787774,9343787778
3008826899,3008826882
2723619371,2723619329
3259663762,3259661651
1520528936,495981475
1366993820,1366993828
3257176027,3123497633
392133160,3104223020
388385568,1706977177
385270461,385270473
3137896149,60336283
338760878,338760882
8422926872,8422926873
1175548190,1175548177
4294953473,4294953459
3264544767,369975896
5029500922,2745415793
2713608361,2713608371
4335947076,441588285
3008826964,3008826999
1175636895,1175652392
3269122686,3269122688
3264543943,1854898490
4294953458,4190731788
496014801,496014496
3008826930,3008826909
3234283479,1366993915
1459107021,250155444
3579094606,340120331
495961703,1175548673
465700743,385268539
3104222647,3104222635
2835198018,3269122676
511161409,511161391
339208697,338760890
759043384,1610621016
8900270044,3008826484
955879107,290107462
9906506549,9906506547
1562475553,4294969474
364184460,759042612
465700767,390376424
4190731780,4710615667
2713608379,2713608373
620011712,620011704
388385682,385248379
465700717,465700741
4294953471,4294953466
403200671,955884219
340120331,3579094606
618443691,618443692
465700773,465700765
1177040304,8561078989
2713084519,980280151
3147662871,1149468805
1707137062,668102205
392133207,392133212
392133178,392133160
3269122667,2835196890
338957167,3921201394
449186433,449186439
511161391,3497117545
2467341695,2467341689
620011704,620011712
2723619391,2723619371
39981300,1175652835
2713608353,2713608365
3008827027,3008827246
3119520897,315860420
309739308,9343787762
5625893016,2709311960
281761613,441588285
338957164,4292910302
449186324,449186515
364719557,4294982593
1309362017,1309362014
315860563,315860562
385270461,364717042
1309332683,1309361982
1175547550,1175547822
1708595848,829473807
3104011336,3104011343
2723621551,8386876717
290107414,338957164
1309361982,1309332683
4623399090,4623398288
1368195674,1368195678
338957184,338957189
432434777,3119520897
281761583,460895364
2713608361,2713608358
1256098519,1499169799
403200699,403200692
495985987,4193965827
496034987,460895364
1520572653,1044517336
2723617861,3008826576
295828850,723198084
495993260,1707184998
1720371445,9645761801
386070486,8422704491
2713608260,2713608277
441588285,4335947076
5320493417,496012403
392133217,2677394494
385270473,364379098
829491714,829471558
1309332673,1309332675
388385682,388385602
2835196900,3269122670
6784487407,6784487402
338817877,2723618889
496012675,4294999794
829473807,1708595848
2713608413,955887234
281761599,496041602
2723618666,2467306011
3174646656,1677971748
4294982588,339862221
1782665416,2723621551
2723618666,3008826783
3147653729,3147653689
315860568,8872460924
4178776585,2835198018
4196631382,2723620271
1175652828,1175652835
290107420,3147662433
1175548030,1175547871
9871582597,9871582586
9230883586,2083270530
3123624124,3123624121
8422696955,4606094553
495995014,8872460928
340120355,1610621054
3123624121,1782660352
3121298290,3121298291
1707091488,1707091491
338760936,281761454
1175563513,1175563485
4294982617,618443691
829471558,829469798
955884391,3469338982
339156745,338760867
374137177,374137235
388409112,1525015056
4294969474,1562475553
3008827027,3008827013
340120317,2713608353
9737939887,2713608392
495965765,281761461
3119520872,1707091451
1499169799,2934594007
3123624103,4178776585
4292910311,281761315
1175598363,1175598357
2713608275,2713608282
2723619245,2723619439
2531336828,417852726
356932936,356932947
3400529428,2671838163
3263548462,3263548468
295828393,955883411
1525015056,388409112
339156708,40128637
1525015056,1525001574
8566780384,3147662433
829477720,315860562
3008826999,645595068
415816291,415816289
1366993873,1366993889
364717329,364717119
338957157,338957166
2744178749,3579094518
9343787585,1175598579
9343787585,1175565811
4292910323,1525001578
2467341708,2713608226
370001076,370001078
645595090,40128578
3174646488,874475228
6784487410,6784487407
1368195700,1368195678
3008826383,3008826378
315860537,388385602
1175598357,1175563768
338957189,339156702
3104223001,3104222931
281761315,4292910312
3104040495,3104040491
1525015060,1525001576
309739308,495961629
364379098,281761581
3008826567,645595062
2723619439,2723619245
3829769296,355640101
5431385214,495980963
2467341707,2467341695
495976927,510820837
1573396391,460895364
495961629,309739308
1937165288,281761779
1782660352,2709311772
510820788,3104018765
2744178762,2744178751
1175598379,4337218664
1525001583,1525020116
1707091451,668210924
3174646465,3174646447
309739401,309739403
970626484,970625833
3008827252,3008827027
1175652398,1175652392
3104040501,3104040499
5674663840,441588289
645595068,281761489
250155213,3263548462
2467341692,2467341693
1367012852,1366993889
1525001574,1525015060
4047435983,340467558
9776134032,281761595
4292910312,4292910311
5320493832,5320493831
8567320941,410852136
281761438,4292881945
8420020663,383659725
386070278,544017892
281761537,340296598
4292910330,4292910324
339208683,338422345
3444915405,3444915430
40128578,3579094518
370000974,3174646447
1175548380,1175548443
3497117553,3497117550
495989152,495989152
2083270536,2723616919
310817133,955881091
4337218665,4337218664
1707097139,1707097124
2467306095,2467306076
2835196887,2835196896
6808179963,3174646494
3497117553,511161392
516200190,3843478829
370001077,370001076
250155148,1175547968
315860568,533721905
364716122,364716125
429900667,429897708
3269117226,3269117234
916431452,3199176975
1707137062,1707137083
6784487412,6784487410
4335947076,364561971
1175565821,1175565811
441588294,441588288
315860512,315860550
833228361,1707091408
1239506437,510820788
281761592,374138285
281761588,281761587
1175563802,3812566285
40128787,1520528949
290107475,3579094630
364393950,364385621
3622401205,3622401213
369975896,369975897
2713084637,955883501
290107414,281761440
392936083,3471010795
250155160,1175548788
1782622391,2835198002
392133178,1782390766
1937165184,338957240
955885533,340120331
1707091404,4193963205
2723618666,2723618671
4293863222,3147654664
1175548371,1175548118
281761489,3008827246
620011716,415816289
281761315,281761272
621892216,340120317
1169796925,3255829864
4292910322,4292910318
281761594,465700650
3843478822,3747830746
1175598596,1175598432
3082710091,3082710093
495982279,415816288
3234283479,3234283466
1175548788,250155160
3269122670,2835196900
1177040307,1177040305
4292910306,4292910305
9871597381,369975896
1366993873,1370783522
429854212,429854199
495982396,60336283
3104040493,3104040499
250155160,1175547968
340120355,1610620977
364385625,417852726
338760867,338760878
510820719,3993328305
1309332675,1309332673
364391191,390376424
516200178,510820859
2723620773,355640052
3104222931,3104223001
3272665315,1175548371
295828881,980280151
290107417,1528691593
338911646,250155148
339156702,356932936
385268539,465700743
493792146,3199177008
871073641,1499170654
3008826876,2467306011
2713608375,1822135649
2671761468,9871582586
281761583,281761585
4294982593,4294982594
429900667,338957274
3104040493,3104040492
2713084495,980280151
4193963077,4193963205
1175547550,1175547566
1175652392,1175636864
39979031,4333943028
281761599,415816313
2467306095,2467306096
281761576,338957274
1782622391,388409188
3008826571,3008826545
9645759594,281761451
970625833,970626484
364719553,338775931
2467341686,2467341679
1256096491,4193965827
3104222692,3104222660
3137896149,495982404
338760901,4047435983
2713608358,759043384
2709311849,3400485170
3234283466,3234283479
2723618744,3008826899
3264551712,1183409620
449186433,449186490
1610620944,2713608361
1368195674,4178180694
1937165184,338957197
3008826529,3008826542
1175565785,1175563802
3008826542,3008826529
281761451,4294999803
338760919,338760890
1499170651,1499170654
1175652720,645595416
9645759594,496015324
281761473,281761471
281761779,1937165288
496010284,3579094389
3534130546,3534141580
955880154,9223380567
1175548490,1175548332
4294982626,4294982627
1309332670,364715952
388385602,315860537
829469399,495994956
338957184,339156702
295828393,403200787
1175563485,9871582586
315860537,60336247
338760893,339156745
6784487412,9220643231
955879107,389050625
2723618889,3147650524
9223416366,290107462
495982396,3622401205
1256097385,984013118
516200641,516200455
955883501,955883411
1937179740,1937179813
281761451,496014801
410852136,8567320941
2723617698,2723617714
1370783516,1366993852
290107417,8566779872
759042612,759043431
309739403,392308084
429854212,429854210
533720650,1520586729
3579094490,645595090
429854199,429854212
496012678,338957156
8561078989,3534141580
403200699,1610620923
645595382,8722261901
2505683377,309739324
338760890,338760919
2083270536,1782390806
2744178749,2744178765
1175547941,1175547940
4178308697,4178308703
8568590714,4178180694
874475291,874475372
668210924,1707091539
3008827013,3008827027
3257176016,3123497633
3579094375,40128787
3259677291,1854898490
8422799736,374137177
3123624124,1782660352
309739403,410852143
1757325807,1256099822
516200238,3118523735
339156709,339156707
2709311821,2467341697
621892218,2713084257
1499169852,386070391
338760882,338760878
496012678,496012675
4294982593,364719557
1520528936,392936083
281761779,338957197
338957197,281761779
4199256481,8478495015
544017892,386070278
3199177008,389050634
9223416366,2719051856
8422704492,4193971098
1177040310,1177040305
3123497633,3257176027
759054012,759042849
2709311849,2709311960
1256097385,364386835
2467306011,3008826876
495961626,3174646380
1520528949,60958552
4178776585,3123624103
874475228,3174646463
1256097385,385248379
2671761468,2745415793
495989946,354394548
610940722,610940716
3210669542,3210669543
4292904370,4292904344
4294953458,4190731780
495987672,495987759
506168249,506168250
984013118,364387004
3264544769,3264544776
364386827,385249499
3008826783,2723618666
5135488441,1525015061
60336247,1520572653
798341940,798341936
2713608260,2713608288
40128637,40128625
1937165074,1937165184
295828881,723197779
2467306041,2467306045
9233317172,465700717
449186532,2713084840
493792146,3199176975
1707091539,1707091517
2723618744,2467306044
8566779872,339862221
1183409620,3264551712
1782390806,1782390766
1708345740,1708345713
3008826904,281761483
465700719,465700721
1499170560,36454465
3104011343,429854210
1525001576,1525001578
3008827246,2723619259
4292910306,4293863223
9906506549,315860420
417852726,364717042
3579094375,2723616369
1175548067,1175548177
4193965827,1708345713
495962311,392133207
3147653740,4178180758
3259677291,3259661651
1706977155,9645761175
2467341681,2467341693
8420020683,374137343
3008826899,3008826904
2351539862,309739396
495961703,338911646
829471558,829491714
1822135684,1822135671
2713084462,2713084448
3104002472,3104002461
339156744,339032156
9865321440,9865321443
3257176034,3257176027
723197779,2709311989
2798384060,259527659
1177040593,355640106
1149468808,1169796872
1366993820,339862221
388409249,955885533
432434885,432434935
4293863223,4293863218
516200455,516200641
403200671,403200787
1366993714,1366993720
309739401,2351539862
3210669546,5609613017
1706977177,388385568
1175547686,1175547692
3104222660,3104222654
338957156,496014496
4178308694,4178308692
340120341,2467341716
4294969473,4178308694
9737939839,9737939822
621892216,1813756047
364716113,364716150
3497117548,3497117546
3119520872,9906506555
338957240,1937165184
4294969397,2140022285
1499170017,1309352770
338911644,1175598379
8567320941,506168250
9223380567,290107470
1175652306,1175636905
1708345713,1708345740
1044517336,4975958570
1149468829,3257176027
2744178756,2744178781
3199176977,493792146
2835196879,1149468866
2351539862,309739414
39981289,2671761468
392133207,2083270530
364184460,980280293
3256387647,250155574
338760867,339156745
4196631382,39980969
1525020112,1525020116
9906506555,3119520872
1525001574,1525001583
1366993847,1366993828
432434935,432434885
315860554,315860555
2140022285,2723618754
2723617620,340296598
3747830750,3747830746
2083270530,2083270536
3121298290,621892216
40128715,60960867
3174646303,309739308
340120333,290107475
364386827,364386835
338760893,338760870
723198084,295828850
339156729,5136248813
250155213,3264543943
2723619439,5320493831
3104223163,357187339
1525015056,388409113
2835196890,3269117255
3008826882,2467306040
1459104573,3258013178
449186324,2713085008
465700777,465700775
3269122682,3269122670
2713608240,2835198021
2467306076,3008826909
1256098519,1256096022
645595382,506168250
4975958570,533724812
533724982,432434885
3747830750,3747830749
1782660299,1782660321
3147654475,3147653729
4292910318,1525015061
2835196882,1169796872
1177040305,1177040304
465700765,465700773
495982396,60939896
4292910302,338957164
1610620977,2713608392
3259661651,3259663762
1610620961,1610621046
1366993720,1366993714
759042612,1632516419
355640106,1177040593
281761268,281761272
3104223163,3104223028
3210669543,3210669542
281761581,364379098
415816289,620011716
3497117546,5089090264
1366993828,1366993847
1149468866,2835196879
3104222660,3104222721
429854210,429854212
4294982627,4294982626
510820719,3993328279
519443852,519443867
3104223020,3104222720
3147654664,4293863222
3812566285,1175563802
2471773786,4335560770
510820821,663893065
4292910306,338957166
1368195674,1368195635
634360422,510820837
3264544776,3264544769
388385574,8012976106
2723617643,8900270044
1175547692,1175547686
4337218664,1175563754
3993328305,495976927
1175548030,1175547889
5136249068,4292910314
1677971748,3174646656
495962311,510820788
9343787585,1175598357
1175563662,1177040593
355640052,1525020108
495985987,495987584
2467341708,2467341714
259527659,2798384065
452379852,3497117553
2467341714,2713608275
370001078,3264544767
369999633,2505683377
385249499,364387004
2467306011,2467306019
2723620773,4294982627
1366993915,3234283479
2467341692,2467341694
364387004,4623398288
1175548177,1175548190
3267100992,250155213
2083270530,392133207
1610621016,759043384
2723619259,576355531
2713608282,2713608275
1175652421,1175652429
3147650524,338760904
392308079,309739403
1149468805,2835196879
1256099822,1757325807
1175548724,1175548048
6251199711,3259677291
1309362014,1309362017
9105645023,3843478822
2713084454,2713084519
3008826498,8900270044
429854199,510820874
338760904,364719553
829469804,829473598
340120333,3579094568
4178308694,4294969473
4292910325,1524973901
281761587,496036063
3104040493,3104011329
60336283,2723616366
3259677291,6251199711
4294999794,1499170651
3497117545,3497117546
364184460,1610621054
874475291,3082710091
3008826548,3008826576
2467341707,2467341703
8197540797,1175548371
339032156,618443690
495987584,495987672
338760915,1499170651
369975897,3704293689
374137235,374137177
1175563802,3812566282
2723618889,338760901
9865321443,338775931
1782390766,1782390806
955883411,295828393
2467306045,2467306056
338491056,338868713
388385564,315860554
465700743,281761592
60958552,2723616366
1937179906,2723617698
829477464,829477577
3008827246,281761489
829469798,829471558
1707091407,9645761657
281761581,460895364
369975896,9871597381
3497117546,3497117548
4190731780,338957274
1175563579,1175563754
417722692,417722712
429854210,3104011343
3259661651,3259677291
3104040491,634360422
1177040593,2723620271
4178308692,4178308694
8781257750,3104018765
1175548067,1175548225
1716416349,1716416362
9343787778,9343787774
3255829864,1149468808
1661125835,1366993915
829470530,829474041
2798384065,2798384060
495987672,495987584
1175563802,1175565785
4292910322,1524973901
4193965827,495985987
1175547909,1175547889
369975897,369975896
3829769290,3829769296
4294999794,281761454
364561964,364561971
2723619329,339156744
1175563754,1175563579
511161392,511161401
645595090,3579094504
1291502211,829478062
1782660352,3123624124
1782390797,1782390806
2723618362,2723618388
369975897,9871597381
364719553,392133160
2723619216,3147653689
281761272,281761268
2723616768,2723616833
3121298291,3121298290
4292910323,4292910322
841637484,3174646465
2709311772,1782660171
290107420,3147662871
2723617643,1937179740
2140022285,2723619216
2744178762,2744178779
1610620944,2713608371
1937179813,1937179740
281761592,465700767
510820863,510820874
40128625,3579094503
460895364,281761583
2723620271,1177040341
2798384060,496041602
1175548036,1175547871
1175563768,1175598357
1175547775,1175547946
2709311989,723197779
1525015061,4292910318
9645761654,9645761657
2723619216,8568532393
1175598357,9343787585
9737939839,403200787
1707091451,9429427116
2713608226,2467341706
432434860,432434885
1175548118,1175548132
1499169799,1256098519
1183409620,309739419
8872460924,315860568
2467341679,2467341686
1937165288,1937165388
338422345,281761461
3104222660,3104222692
1175652577,1175652580
645595090,3579094490
1175628370,2745415785
511161392,3497117550
2745415785,645595416
4047435983,338760901
465700743,465700712
6979208636,3497117548
1309352753,1499170003
9645761801,668210915
4294969474,4178308697
2719051856,9223416366
1499170003,9906506559
1175652762,1175652757
417722699,417722692
495987759,495987672
449186439,449186433
495994956,495989152
2467341689,2467341695
2744178762,2744178765
465700717,465700719
2713608258,2713608254
281761429,40128637
6251708868,1459104548
3174646380,3174646488
8937623775,364716113
3104011342,3104011343
2835196884,2835196883
281761268,339156709
339208697,338771560
441588289,441588288
3257176016,3269117234
1520528949,40128787
338957184,281761537
3008826909,2723618876
1525020110,1525020112
980280151,295828881
1782622391,3123624124
1177040895,1175563694
1366993852,1366993847
3104222654,3104222647
3210669542,3210669546
281761461,338422345
364719553,338760904
970626211,2467341693
60336247,315860537
3747830749,510820859
2467341693,2467341681
3267100993,3267100995
281761613,495980963
2713608371,1610620944
3104018765,8781257796
281761599,9776134032
1175628643,1175628370
338957274,4190731780
4729094735,295828850
1175548673,495961703
829478062,1291502211
1573396488,3813757680
576355110,1256099822
281761489,281761483
9865321443,281761471
723197779,723777537
1782660321,1782660171
2723618884,3008826910
8197540797,309739419
9870699922,432434935
510820874,2677394494
510820837,634360422
4178180758,3147653740
432434885,432434860
3813757680,1573396488
2745415793,2671761471
357187339,3104223163
1707091484,1707091488
3497117548,511161392
385268539,9235054397
3008826529,2723617698
2713608275,2467341714
4294982604,4047435983
1459107021,1459104548
1175652429,1175652421
1175548506,1175548490
510820788,1239506437
1707091407,1707091408
496041728,496041602
3174702732,3174646447
382968950,281761592
3082710692,3082710682
281761760,465700650
3444915430,3444915405
1175598579,3812566282
449186433,449186324
9645759594,338760936
3497117548,511161391
364716125,364716135
1525020108,1525020116
1175548776,1175547968
1175598379,338911644
9737939839,980280304
290107470,3579094630
4292910318,4292910316
668210916,668210915
8937623775,8937623779
9645761801,1707091539
5320493832,339156707
2083270577,309739398
281761585,281761588
2505683377,370001076
374137758,374137724
281761716,465700721
8568996768,4294982588
8722261901,645595382
1370783516,1368195762
281761451,9645759594
1366993828,1366993820
364387004,984013118
281761272,281761315
516200238,3747830746
3104223020,392133160
3199176975,389050609
1175547946,1175547947
2723616919,2083270536
3119520872,9906506549
4292904344,4292881953
2835196879,2835196883
3147653689,2723619216
955880154,9223416366
364717119,364717042
1716416362,1716416397
1175652828,1175652757
465700712,465700743
2713608410,2713608401
388409260,388409258
2723619371,2723619439
4292910325,4292910323
415816289,415816291
4292910327,1525001578
1707091408,1707091422
1368195682,1368195678
1707137083,1707137062
309739411,8722261901
338760885,340467558
1175548673,1175563485
495987584,1708345795
4193971098,8422704492
2709311772,2671838163
340120317,2713608358
1175547697,1175547686
2723617861,3008826567
3267100995,3267100993
417852726,2531336828
2467341695,2467341697
417722714,417722712
1610621054,340120355
389050613,389050620
723197779,295828881
829473807,829473598
3269122686,2835198018
1175548118,1175548371
610940716,338491056
2467306076,3008826887
1175548202,1175548067
3210669982,3210669543
1813756047,1610620923
3259663763,3259663762
1937179923,1937179955
495962749,3104222931
4193965827,1256096491
1175652577,1175652740
495974814,338892235
3082710682,3082710692
4292910316,4292910314
281761537,3008826484
634360422,3104040491
1707091407,1707091488
8422704491,386070486
4193963205,1707091407
449186490,449186532
417722715,6762373480
364385625,364385621
1525001578,4292910327
295828881,723198084
1525020112,1525020108
874475416,403198270
309739419,1183409620
1044517336,60939889
1366993847,1366993852
338760878,339208697
3257176016,3257176034
829471577,829471596
1366994762,1366994766
465700717,9233317172
250155444,882942161
2713084495,295828495
6784487402,417722716
39981300,1175652720
5136248818,5136248813
5135488441,4292910316
3147653689,3147653729
1175563662,1175563694
415816288,415816289
1175548225,1175548067
8872460924,8872455614
281761779,281761542
1520528949,1520528936
2467341686,2671838163
383659725,364561971
2835198008,2835196897
364379098,364715952
1520586729,60939896
618443690,339032156
3174646494,3174646488
388385568,388385564
2467306045,2467306044
4294999794,496012675
4292881953,4292881945
2723618671,3008826882
1937165184,1937165074
465700763,465700775
3843478829,516200190
3579094630,389050609
2723617420,340296598
364717119,3051945249
1175548030,250155148
1610621054,1610621068
1520572653,60336247
5431385214,1499169932
390376424,364391191
3147662871,290107420
2835196884,1149468866
1175547968,250155160
417722716,6762373480
3534141580,39979031
250155160,1175548490
2713608029,2835198021
1175547946,1175547775
2723618388,2723618362
1813756047,621892216
3210669546,3210669542
829471558,829470530
9220643231,417722712
281761483,2467306095
338957167,338957166
340120323,567227738
1175652580,1175652596
9776134032,8423087213
516200455,516200238
1782660171,1366994762
1175652720,1175652740
839397476,1707097124
3812566282,1175598579
3829769290,1509836851
4190731788,4294953458
4294982588,8568996768
338957164,290107414
668102192,1707137062
9429427116,1707091451
1573396488,1573396470
829471577,829469798
2467341692,2467341686
1459104548,250155574
663893067,510820821
1175563694,1175563662
3622401205,3622401202
392133160,392133178
3174646398,3174646465
1707097124,1707097139
309739414,2351539862
338957164,8566779872
315860568,829471577
798341940,955883411
668102191,1707097124
1175547775,1175547550
3257176027,3257176034
2723619216,2140022285
364719553,338817877
2934594007,984013118
3497117550,3497117546
1499170654,871073641
281761587,281761583
3008826484,8900270044
2467306096,281761461
2467341682,2467341685
2835196896,1149468829
338491056,610940716
3579094506,40128578
2723616768,510820859
496036063,281761587
1175547940,1175547675
495981475,1520528936
2723619439,2723619371
403200671,1632516408
1707184998,495987672
1610621046,1610620961
4337218665,1175563768
364385621,1499170003
3008826904,3008826899
383659725,8420020663
5320493831,2723619439
1175652757,1175652828
1499170651,4294999794
1632516419,759042612
1782660171,2709311772
3843478822,9105645023
1256099822,576355110
1309332675,9216510357
871073641,281761489
516200190,516200178
388409249,5089073176
1854898490,309739413
3272665315,1175548332
3269117255,2835196890
506168250,645595382
980279930,1822135734
441588285,441588288
1610620933,2713608371
281761760,465700721
3174646303,9343787778
1177040309,1177040305
338911644,495961703
1175652580,1175652577
1175652584,1175652580
2471773786,2471773784
338760915,338760882
495982404,495982279
1183409620,309739414
364387222,8422696955
374138285,281761594
465700721,281761716
8561078989,1177040304
496036063,382968950
281761438,281761445
290107475,340120333
874475416,388409249
3147662433,290107420
1175563579,39980969
5089090264,3497117546
1309332683,281761581
364391191,390372772
511161392,3497117553
1175548225,370001077
364716113,4710615667
1256094356,1256098519
1499170654,1499170651
1175652421,1175652306
519443867,3210669542
4294953466,4294953471
338911646,338911644
645595062,2723618884
4975958570,1044517336
3400485170,2709311849
4294999803,281761445
8197540797,3263548462
3812566284,3812566282
340120333,340120331
645595416,2745415785
1709896080,315860550
3747830749,3747830737
4292910323,4292910325
1175652580,1175652584
4337218665,1175563754
290107470,449185781
1175548048,1175548724
3104040492,3104040491
386070278,4193971098
2835196879,1149468805
3257176027,1149468829
460895364,1573396391
281761483,281761489
3469338982,955884391
9737939822,9737939839
2835198018,4178776585
3123624124,1782622391
495962763,495962755
2835196890,3269122667
3264551717,3264551712
340120339,2713608240
3082710682,3082710684
8558200904,3008826879
2713608371,1610620933
533721905,315860568
2467341689,2467341685
2713608353,340120317
4178308696,4178308694
1937165388,1937165288
379125609,2798384065
4190731780,4294953458
1175652306,1175652421
338771560,338760915
3264544767,370001078
2798384065,379125609
955883411,955883501
364717042,364717119
281761594,383659725
9645761175,1706977177
1175636905,1175636864
392936083,2471773786
1368195678,1368195682
1499170651,338760915
2723617698,3008826529
516200178,516200190
1524973938,1524973901
829474041,829474123
2713608410,1822135671
338760890,338760893
5320493417,5320493832
493792123,290107475
315860512,315860492
432434777,1945895847
339156702,338957189
4178308697,4178308692
2723616366,495980963
1175548740,1175548724
338760882,339208683
3147654475,1366993772
3497117548,6979208636
9343787789,3174646303
3829769290,1509837087
1822135649,1822135638
386070486,281761595
2467341697,2709311821
4337218664,1175598379
465700712,281761760
315860563,829478062
723777537,295828495
2723616768,634360422
2709311960,5625893016
4335560774,4335560770
3622401202,3622401205
338957166,4292910306
1175636908,1175636905
1499170003,1499170017
5674663841,441588289
3267100993,3267100994
4292910324,4292910330
510820837,495976927
2713608392,1610621068
3008827246,3008827027
1175652473,1175652421
1366993889,1366993873
1175547675,1175547889
315860420,829474041
374137758,374137343
1822135671,2713608410
465700719,465700717
338957156,496012678
8893472888,364719557
1175548371,3272665315
8722261901,309739411
309739403,392308079
533724812,4975958570
620011704,259527659
389050620,290107462
2835198002,1782622391
3104040499,3104040496
1175548225,1175548251
723198084,295828881
390376424,281761588
1169796872,3255829865
385270473,385270461
1175565846,1175565811
5136248813,5136248818
2835196896,2835196887
2709311849,2709311821
1937179923,1937179740
429897708,429900667
1562475553,519443852
1707091488,1707091407
2723617714,2723617698
2744178765,2744178756
5431385214,5431385204
3008826378,3008826383
2467306056,2467306045
9737939822,1632516419
3104040496,3104040499
3469338982,1813756047
2713608392,9737939887
295828393,723777537
1937179955,1937179923
5089073176,511161391
1822135734,2713084462
2671838163,2467341686
668210916,1720371445
533721103,829478062
1707137062,668102192
2140022285,4294969397
290107462,9223416366
338771560,339208697
1366993772,4710833423
465700767,465700765
1175652757,1175652762
429897708,1256099822
3174646465,841637484
4178308694,4178308696
4294969475,4294969474
390372772,281761714
3269122667,2835198008
2467306097,2467306096
1309362014,364391186
390372772,364393950
2467306096,2467306097
3008826545,3008826567
1610620923,1813756047
315860537,60939896
449186532,449186788
39980969,4196631382
495961637,309739308
1953042728,250155574
3008826999,3008826964
9645761657,9645761654
281761585,364391186
2744178756,2745415785
374137724,374137758
8422696955,385249499
496036057,496036063
970625833,970626133
1937179906,2723617643
6784537588,417722699
8423087213,9776134032
4337218664,4337218665
1256096491,60336247
4703752732,6784487407
1782390767,1782390766
370001076,2505683377
2467306045,3147650181
3269122667,3269122675
281761581,1309332683
392936083,1520528936
1175598432,1175598579
364391186,281761585
882942161,250155444
8781257796,3104018765
1175598434,1175598432
250155444,3259661651
2723618671,3008826788
1499169852,4193971098
3174646447,370000974
980280151,2713084519
8872460928,8872460924
1175548251,1175548225
1256096022,1256098519
4335560770,4335560774
759043431,759042849
519443867,1366993714
1706977177,388385574
2467306076,2467306095
281761461,2467306096
1610621016,759042849
8566780652,3147662871
449186490,449186515
3264544776,9871597381
340120323,3579094606
432434935,432434777
1175563768,4337218665
3257176034,3257176016
3190150206,1757325807
364379088,1309332670
829471577,315860568
2835196882,1149468805
1509836851,355640101
3174646447,3174646465
2467341694,2467341692
3747830750,3747830737
1366993812,1366993820
2467306096,2467306095
3147653740,3147654475
1525020116,1525020112
364386827,4623398288
403200787,295828393
4293863222,4293863223
281761613,495981475
2723619329,2723619149
3174646494,495961629
1525001576,1525015060
3110264029,874475372
2709311821,8478495015
1854898490,3264543943
386070486,465700650
829473598,829477464
2713608029,1782665416
2723618889,338817877
2713608258,2713608213
1175636864,645595416
388409258,388409260
1149468829,2835196896
1366993772,1366993733
8558200906,2467306040
496036063,496036057
1707091451,3119520872
2083270530,9230883586
1509836851,355640106
516200192,3104002461
1632516408,403200671
1610621068,2713608392
4178180694,3147653689
355640101,3829769296
339032156,339156744
841637484,9343787762
516200178,3104002461
338422345,339208683
7867402987,4294953466
388385564,388385568
315860512,388385602
3199177008,493792146
4293863222,4292910302
2713608365,2713608353
3082710682,874475291
3497117545,511161391
40128578,3579094504
355640101,355640108
1149468805,2835196882
4293863223,4292910306
9906506549,3119520872
1520586729,533720650
449186532,449186490
759042849,759054012
506168249,410852143
3174646656,1509837087
2723619329,2723619371
315860554,829470530
281761912,281761576
385268539,385268536
495961626,39979031
955881091,798341940
8566779872,338957164
841637484,369999633
1177040305,1177040310
4292910327,4292910330
495965765,281761467
338760885,338760870
2713608373,340120337
1822135638,1822135649
955887234,403200699
364561964,382968950
465700775,465700777
2835196883,2835196882
2744178756,2744178765
389050625,389050634
1524973901,4292910325
4710833423,1366993772
309739398,309739396
1366994766,1366994762
3104002461,516200178
3579094518,40128578
1149468808,3255829864
1175563579,1175563569
955883501,2713084637
2709311970,2713084462
389050609,3199176977
1525001574,1525015056
516200190,3843478822
1175652577,1175652757
9645761561,668102192
338760919,339032156
385268536,385268539
4193971098,1499169852
2467306044,8558200904
441588288,441588294
510820788,495962311
970626133,970625833
2713608361,1610620944
1366993772,3147654475
3264551712,1175547775
874475372,3110264029
1782660321,1782660330
1610621046,340120355
829473598,829473807
5431385204,60958552
340467558,338760885
417722712,417722692
955885533,388409249
3269117234,3257176016
495962749,3104222647
955887234,1610621016
1632516408,403200692
980280032,980279930
3210669546,3210669543
1499170003,1309352753
4292910312,4292910314
9220643231,417722715
1937165110,281761542
40128715,3579094506
668102191,354394548
3174646380,495961626
364379098,385270473
355640101,1509836851
364385621,364393950
340120337,2713608373
1937165110,338868713
2467341708,2467341707
386070278,281761595
1175652828,1175652906
3257176034,2835196884
364719557,496012403
403200692,2713608413
1822135734,2713084519
4178887077,364716122
618443691,338760901
1707091408,833228361
355640108,355640108
533724982,495989946
2713608394,2713608410
1175598579,1175598432
281761592,382968950
1175563569,1175563579
449186515,449186324
833228361,668210924
3259677195,882942161
338422345,338760867
3008826535,3008826545
3147653729,3147654475
663893067,2083270534
955887234,2713608413
2467306044,2467306045
3747830749,3747830750
3255829864,290107424
1937165438,1937165288
250155574,1459104548
2467306019,2467306011
340120335,340120337
339156744,5136248813
645595382,1573396470
1573396470,645595382
364716150,364716113
2713608396,2713608445
465700650,281761760
495994956,829469399
3082710098,3082710091
1175636905,1175636908
