899211454,343698810
883227702,883227926
1147300195,1147300205
3150074663,3150074683
292365309,9896948564
1863249376,1898837927
304848962,3519294595
1038071614,304657650
909014650,983077084
2952566653,380589409
390488056,9913507939
4075773635,4075773628
3345274707,8202230
1976864104,3149791163
1219477618,2952566580
3089384420,1504546443
313219923,313219925
270532250,1504546510
4396369247,459499741
26376020,296879349
8202225,3345269876
544925053,4708964300
343698810,899211454
316969547,620886988
3782220366,3782220253
1976863116,1976864104
620131479,370643120
3690787293,3782220253
3782220253,3690787293
3076549685,1217506171
262151321,309216920
24976815,1499154143
1157688229,503682621
300426481,300427730
380640998,380640996
3089384413,867463516
620131477,1263065391
4374148003,4374148013
4041147643,1113156946
2084155354,1120364136
2145681430,2952567305
309481418,309483636
286835005,26053134
300424155,300423967
1265102096,9318429267
4033849081,4033849084
4080807879,4080807874
1505604370,540599520
9180802934,473085625
1533696350,1163800535
2421195632,2421195612
3150074683,3150074663
297548697,297544598
3089384413,24976474
304849444,304849280
380611195,3812285074
297541048,297545861
1499154129,1499154143
1165160942,1263065391
1165147893,390488171
1255664627,1255664641
7578390636,5135770204
380641104,382385195
309222118,309221757
300428327,26376012
26376030,304848962
82518643,8914482648
304645117,304645422
620131477,1147300205
24975047,24975074
9376777627,9376777626
380589410,380601609
883227636,8096728
380641104,380641097
4077389206,1125374774
3641343229,3641343211
309223305,9376777629
9624224268,1266580721
4075773624,1976863116
1125374774,309485441
309221425,297541905
491692251,3089384413
3445520945,3445520946
3815490468,3815490634
861100208,3690795332
610438905,841956333
3258882934,3258882940
2145681362,2145681364
6207221415,4466926839
3093103043,3089684899
382319016,14612343
3847841167,3847840961
4075751959,4075751956
2952566654,2952566801
2952564423,4075751753
4080807874,4080807879
4080801243,4080801269
541406592,6068623353
771667420,771667453
306646287,306646878
3641343218,304645422
304637353,309218525
541410197,24975327
3822391211,3822391189
1219477604,4035744768
2145681488,2145681488
4043560116,540602041
303835969,1505604887
303834392,1505604678
8754586684,309481421
306648686,300429428
4080801245,4080801243
2691520791,2691520798
309488839,309487276
297545800,300423967
282156841,1499154143
8494823693,309489097
304642709,1113137522
359997861,1262134690
3021947740,24975327
309484452,309479592
309221754,309223968
292362589,3664991732
540616727,2145681494
9377094520,309477317
3847840961,3847841167
540595986,26188649
544934984,4708964305
339607694,339607700
544938081,4708971040
4912075651,4912075643
298987898,610438905
4912075656,4912075651
309477651,309478939
266885918,266886027
309216920,262151321
541407202,1262135021
2145681366,2145681362
3822391578,3822391211
5437986774,5437986770
9376777624,9376777625
4075799219,4075799223
3835746881,380589410
26188679,303838339
2874581161,2874581153
4075774005,4080808636
304642043,1976852589
267177074,2214892765
2623969448,1505604882
309487283,2714299446
8202225,610406423
1163800363,1163800208
1163800633,1163800208
2622686312,1505604813
2952565154,3828011708
3828011672,3828011708
8202230,3345274707
2700196884,26376042
3782220366,1225438906
1225438919,3258882934
3140463865,4078143030
80087555,266886049
981226747,981226576
1113183946,264229499
292365206,4080819176
439645119,439645111
1113137544,1113137522
1157439404,24976829
267177077,8326979660
4075799241,4075799238
1081670267,1081670275
2145681479,2145681463
6434111075,380601691
541424188,3812285584
287427957,287427958
304641871,304641877
4043560112,2952570204
297541048,309216920
484040638,297545055
541407012,1163800504
2952567609,300426338
1505604882,2623969448
306656027,306652349
2519781432,2519781405
4041147645,4579720062
309217230,295718040
309221758,309221757
82522794,3076549685
3812285481,3812285214
82672732,339607694
304637051,297545054
382385249,1835448681
7830108130,1163006307
309221757,309222118
7876735610,382385249
9624224268,1265102016
1505604744,1505604737
304645432,2529852027
2083920603,474785554
4075751961,4075751905
540602041,4043560116
3089684899,3519294609
313219925,313219923
339040936,24871054
1038071614,4075799253
380589362,380589410
309217230,309217363
370643372,7816994343
1120364136,304637215
4708971040,3021899665
24870468,473074170
4075799272,304658440
540601377,540601382
9913507939,1499154089
292364493,2516342953
258575691,258575692
264229327,270532250
899211653,258575688
82672826,272491864
297558084,2952567527
1180988117,1180977504
309221440,309220665
8914482649,8914482648
359997816,359997797
382385230,297554715
304645111,304643181
24976825,24976829
9251089947,9251089946
2098008888,6917469288
292362587,3150074683
1835448681,382385249
4579720062,4579720064
80087551,266886067
473051893,5353086332
8988421140,382385195
3847873382,3847873570
309481412,309484024
2952568799,4041147779
304645111,2529852007
309477317,309477320
3527753099,270532243
1180972362,620914495
24976685,3149791201
3812285562,3812285528
343698912,343698810
3823977668,3820124806
3812285481,3812285487
3812285584,3815490468
306648186,306652349
3812285528,3812285518
1113577248,1113577360
4043560112,540601465
304638276,2421195618
1898837927,1898837928
6777028605,1113577360
1163800446,390488186
309493611,309493604
4041147610,2952567393
3089768891,3089768885
390488237,390488217
82672826,2519781405
3664991745,2952566587
5364525408,8914482648
540595986,26188612
8740276355,3828011671
297545054,297544598
3089626358,1505604370
26376042,2700196884
1263065391,1165160942
771667327,4080808636
473051893,473051894
1505604884,439639819
3690795332,861100208
2986699482,4075829104
1065965615,1065965582
1120364136,2084155354
30500002,24976474
304638539,309478992
2421195640,1266581001
2848615896,2848615898
4075751932,8393402100
2952565154,8693122796
1852868607,9141315902
300426338,300426481
544916404,4708971033
620886960,4042853897
459499741,4396369247
309489745,297542497
303839005,540595137
1533696691,304658754
480357493,82522794
3812285487,3812285481
294260768,294260770
370643302,541407012
2145681443,2145681455
309485441,1125374774
3345269876,8202230
9376777622,9376777624
2952566667,380589375
26376012,3089684876
2145681471,2145681488
309482102,309481424
370643302,1165147893
3812285518,3812285528
3258882934,1225438919
8200041,8200038
294260511,343698912
390488181,390488237
1505604884,1505604887
540595137,26188643
26054653,1120361586
9251089946,9251089947
309476853,1266581001
3021947740,9913758671
3519294609,3089684899
2952567362,2145681443
473051893,473051896
3690787301,1226719240
382372740,382372733
3690795332,1113178695
264229664,316969498
1163800208,1163800633
303838339,26188679
2145681443,2952567362
297548833,304659961
771667306,1727351556
439645119,3775207344
1163800504,1163800633
82672826,4080819176
1163800446,1163800208
309488839,304638538
359997797,1262134999
8693477874,620914753
309477651,309477320
300425252,300424743
2642259707,296879349
294260616,294260747
3847840852,3847840961
294260586,258575692
861105386,1437752824
380601714,380601715
1113153522,1113154322
297554155,306646287
1180972362,1180977504
3089684937,1219477735
2623969455,1505604813
1156778214,282171751
1113179171,1113179171
9376777625,9376777624
7875866857,26053142
1505604692,1584987166
610438905,298987898
297541048,295718040
304645111,3847840961
2145681505,2952564893
26376020,306648686
2083920603,4078143030
309479237,309479587
270532243,3527753096
8736933156,309481575
2952566653,380589415
2421195612,7733671178
539108811,539108617
1499154089,9913507939
541406592,1533696350
1113156946,1181003592
491692262,491692240
1113178695,1113179171
4046661387,4046661386
3835750628,2952569416
1262134999,359997852
304642043,304641871
309489485,309493604
267177103,24870527
300423970,4077378029
899211454,294260511
631880082,474785589
286835005,1120361423
4033849084,4033849081
26053134,286835005
473051894,473051893
541424188,3812285528
14612346,14612343
1170316788,80087551
2512506691,2512506600
24871054,339040936
4075799272,4075773624
541407012,370643302
610406423,8202230
3828011708,2952565154
7191817425,294260790
2952566638,3664991726
4035744784,4035744729
2952565177,309481416
339607694,82672732
469421753,469421757
1183299532,370642868
267177096,258575691
622151252,671248927
2952567527,297558084
7734075680,442532230
3730382565,1505604692
1219477735,306657637
2691518190,983076640
304849280,304849444
309485441,4077378023
541406913,541407581
3782220261,1225091478
4077378033,4077378029
8319625441,8319625440
9251089946,309492045
292362587,292362589
4075751961,4075751959
5045162931,3738751743
304643108,5135770204
24870443,24870468
306646878,306646287
3445520946,3445520953
3690787296,3782220366
295716687,26376030
2874581128,24976778
380589409,2952566654
297544598,297545054
3847873570,3847873382
473072765,473073106
6080653638,286835005
309479009,309478992
297541319,8736150968
9896948564,370362155
304638276,304640976
1065965615,1065965532
285200044,382372585
3812285074,3812410144
2952566580,2952566636
8200038,1163006307
300426481,300426338
24976810,6917435182
3091662315,542531285
2798433709,2798433705
4075799238,4075799219
1533696797,309217233
2986699483,2986699482
6917435182,24976810
4075751749,1915835749
380589410,380589362
8693122792,309481430
4912075638,4912075642
24976810,24976815
5437937198,303835969
4075799253,304640976
1908199193,2734145347
981226576,520400356
1081670290,1081670255
3258882947,3690787296
24975448,491692251
300427730,300426481
380589410,3835746881
3664991732,292362589
309481421,8754586684
983076640,2516342953
2952567066,9250160647
390488058,7835528973
1505604737,1113577248
359997797,541407202
1266581001,2084155354
390488181,390488186
9334055490,4075774003
4075751898,4075751905
26188603,5437986770
303838889,4374148003
3730382565,5437986770
8096742,4708971040
4078143022,631880082
3847840504,304645432
4080801236,4033877097
1170316788,442532230
9913507937,1499154089
266885677,266886067
3782220261,3782220253
545071815,545069923
503682589,503682620
1533696350,541406592
544938081,3021899665
1120361423,6080653638
1505604737,1505604744
5437937587,5437937591
5135770204,7578390636
339607694,4074043641
309220665,309221440
304659961,286835003
4579719621,620914753
2848615896,304638272
309481430,309479587
2952566587,380601626
309484024,309481416
3847840504,3847840275
3815490634,3815490468
304638538,309488839
6207221415,6207221421
294260790,294260784
306665267,306657637
1504546529,4077369576
3847873570,3641343254
296879349,309492045
1505604370,1505604372
1505604882,1505604884
82672764,82672734
294260747,258575691
2842461945,3690787301
3812285584,1147300195
4080808599,4080807880
297544598,1120361445
771667306,4075774005
8096728,1163006307
4075751721,4075751749
26054653,3835750628
503677930,503682589
610406319,473084325
1147300205,1225091456
491692262,491692270
2145681458,2145681463
303838889,4374148013
3089684937,2952567527
304643181,304645111
3089384420,867463516
380589415,3835746881
297542497,309489485
2623969455,1505604860
1505604860,2623969455
1180980878,474743072
473051894,5353086342
24870527,8898127467
309489485,297542497
4077378029,300423970
4075773677,1976852589
304849090,303830965
1183311781,1183299532
9376777624,9376777626
267177044,8898127467
306657637,306665267
309481418,8754586674
24976778,454641588
2084155354,1266580721
4377918473,285200044
309489097,8494823693
266886049,80087555
1908199193,266885918
3828010706,2952564344
620914495,861100208
2798433724,2798433717
309216920,297541048
771667294,771667302
4075774003,4075774005
266886027,266885918
303835969,5437937198
390488056,390488058
313219925,309477572
309483143,309481424
304643108,2529852056
2623969448,1505604860
771667420,4033849081
1225091478,1225091456
1225438906,1225438905
26054645,26053134
474785554,2083920603
3812285528,3812285562
1120361445,286835003
1499154084,287427957
2952566580,1219477618
3664991726,2952566638
313219925,297541319
24975047,7508544751
2529852027,3847840504
300428327,300428248
474785589,303838889
2952564893,2145681505
300427730,296880006
9141315902,1852868607
303839673,3149791201
370643116,370643120
309493604,309493602
266885924,266885918
380601715,380601714
4075751905,4075751898
316969547,2952568799
883227926,4377918449
309481573,309481575
1113130832,1113132867
1113183946,1113183692
4041147610,4041147616
304849311,304849676
2519781432,469421753
3091663526,309482102
3820124806,491692240
294260747,294260749
3815535419,2874581149
258575691,294260586
1120364136,304637495
3089626339,264229344
309481416,309483636
1505604860,2852281134
2842461936,1165160942
1113140478,1113139442
2986699477,303839892
545063916,545071815
2529852007,3824802605
4075751959,304658754
491692240,491692251
4041155591,1113183946
3828010706,3828010783
8926411658,2874581149
2986699477,2986699480
380589415,2952566638
3089684899,3093103043
841956072,7140128503
287427958,14612346
294260750,294260749
3738752737,3738752740
304659961,297548833
82672764,469421816
309477572,309478080
2787453298,899212118
474785554,303838860
1113140478,1113139445
1038071611,1533696684
1915835751,2952564423
4708964300,4708964305
287427969,24975047
304638272,304638276
285200044,4377918473
306652349,306656027
309491108,297545798
339040936,7140128503
1265102096,264229380
503682620,503682621
2529852027,304645432
3828010703,3828010807
4073994897,3190111431
6210609911,4075638475
5290088834,631880074
292362587,380649904
390488041,24976829
370643372,1183313937
343698912,294260511
3690787293,3782220261
300423967,297545800
295718040,300427730
1113139445,25729984
1113156866,2145681458
4033849075,771667420
4075751898,4075751956
370362155,380601609
8363555360,380640998
309217233,309216920
304642709,4046661386
1504546510,30500002
304850821,304850818
3815490468,3812285579
294260788,294260784
2874581117,2874581147
5437986770,5437986774
2952566653,2952566365
304638538,309477651
2084155354,1266581001
1120361742,286835003
304849444,304849050
3828010666,2952564344
309481177,300424155
4046661386,304642709
3828010807,3828010703
300423968,300423967
390488058,390488076
541407581,359997861
1165160942,2842461936
4080808636,4080808650
26188611,26188618
2798433717,304850173
267177082,267177097
620914753,4579719621
9260824662,1852868607
503682621,1157688229
297558084,297554155
8096728,883227636
2952567527,26376020
3641343226,2529852024
309478992,304638539
1263065391,620131479
264229664,4472774324
1255664641,1727351556
3844167179,8147202685
3664991725,82672702
995119714,2519781405
3738751770,459499741
4041147610,2145681437
26054657,3835750628
3828010703,3828010666
3782139147,541406913
1219477604,2032391385
380640996,370155555
542531285,3091662315
320138579,544934999
294260784,294260786
541406709,359997816
8096728,382372585
292365309,292362589
1533696684,1038071611
469421816,82672764
3847873570,304642709
2623968063,2623968069
309488839,2421195640
309485441,309481412
303830965,2798433705
5421061186,899212118
620886988,1113142270
1113154322,1113153522
1505604900,26188618
26188602,26188603
3738752737,6917435182
304643178,3641343218
297545800,309494590
1081670275,5353086342
370155517,370155555
995119714,5895072709
2852456603,2852456630
1225438919,3690787296
3150074683,292362587
286835003,1120361742
382385249,7876735610
439645119,5437937587
540601465,4043560114
4080808593,4080801236
540616534,540616669
7191817425,267177082
3835747808,3835747171
3847873322,3641343254
4033877102,4033877097
380640998,3835746085
2986699484,2986699480
3664991742,3664991739
9250160647,2952567066
1505605351,2083920603
8319625441,309219780
267177091,267177096
297548258,300426144
300423969,300424424
309483636,309481418
4075751967,4075751956
2798433731,2798433722
390488186,3820124806
1264120310,304638272
303838665,26188679
354953660,2529852056
983076640,983077084
541406709,359997770
983077084,983076640
270532243,3527753099
473072765,7140128496
3812285304,3812285481
8693477875,8693477874
258575691,267177096
4708971033,544938081
297545800,300424743
8926411658,2874581155
4075774005,4075774003
4080807879,4080807886
4080808593,4080807880
7816994343,370643372
3835746105,3835746085
1505605351,3140463865
306646287,297554155
264229397,264229380
4077369576,4077369575
541407202,359997797
541424188,3812285304
339607700,4074043641
297554715,382385230
300425594,300423969
14612346,545069923
5353086342,2732522691
1262333862,1262134841
306648070,306648186
6917435182,6917469288
610406423,8202225
300423970,300424424
9376777623,9376777622
26188603,540599504
26188643,26188649
1262135021,1262134963
300423969,300423968
2421195618,304638276
771667306,9334055490
306657637,3089684937
472700217,3089384420
370155555,1470899700
258575692,258575686
4075773628,4075773635
297545861,262151321
620131479,620131477
309481575,309481424
1505604813,2622686312
309478080,309477572
294260749,294260747
390488041,7835528973
1113183692,1113183899
3835747171,3835747808
297545798,297542497
4075751932,4075751905
1266580721,9624224268
380589409,2952566653
258575688,899211653
3936573270,3842103071
1156778214,8147202685
1864741841,24976810
309223305,9376777626
304849090,304849311
2691520798,2691520809
3445520946,3445520945
1505604887,5437937449
3089684937,306657637
2623969446,2623969448
303838889,474785589
2145681454,2145681447
9023349772,3835746085
294260790,267177097
544935169,544934984
540602041,1504546510
3190111431,4073994897
1176886895,1505604900
4075751753,2952564423
382372740,503682621
4075751959,4075751961
503682621,503682620
3064384696,2720468445
304645444,471101960
620886988,316969547
264229380,3527753099
8202230,610406423
380601626,9896948564
1119328712,26054657
359997852,1262134999
26053142,7875866857
4042853897,620886960
287426866,1499154089
24976685,4075751721
267177091,267177082
382372733,382372740
1156778214,3836816654
2952567527,3089684937
1446137610,3844167179
380611195,3812285304
287427957,544935169
539108811,883227636
380601715,8983886101
2691520798,2691520795
2700196884,304848268
82672732,82672734
3775207344,439645119
1499154143,282156841
2952567393,4041147610
8200135,243700038
267177097,294260790
287426866,1499154129
477662910,292365206
2421195605,2421195625
24870517,24870527
309489097,304638539
1065965582,1065965615
80087551,1170316788
3690787293,3782220174
2145681447,2145681437
1217506171,266886049
4080807880,4080808599
309481418,309481421
304850173,2798433717
309484024,309484026
390488217,390488237
8147202685,8147202669
4579720063,4579720062
3782139147,370643302
9318429275,1265102016
4074044203,4074044199
2720468445,5353086332
294260511,258575688
309221754,309221757
3782147368,3782139147
7835528973,390488058
4075751753,4075751749
282158483,282156841
309479237,297541905
883227636,539108811
1505604860,2623969448
861105386,2852456603
309481430,8693122792
1113139442,1113139445
503677931,503677930
544916404,4466926839
1505604370,3089626358
9334055490,771667302
480357493,1081670267
309477317,9377094520
359997770,541406709
1120361536,1120361445
8147202669,8147202685
7508544751,287426866
380601691,1852868607
2852281134,1505604860
2907801768,1113132867
309481416,309484024
3844167179,282171751
304847461,3093103045
266885677,1908199193
1113577360,6777028605
380601626,380601609
370362155,9896948564
3130254557,2952566466
1113156866,2145681455
540595137,303839005
2529852007,304645117
309481421,309481418
6777028593,26188622
26054645,304659961
2798433705,2798433709
8736787887,2952564344
1225438905,3781784166
3815490468,3812285584
1584987156,6777028605
295718040,309217230
309478080,2952565574
1165160942,1165166380
4041147779,2952568799
2691520809,2691520805
300426144,300426338
25729984,1113139445
309477572,309477320
4075773624,4075773628
343698810,343698912
2714299446,304638282
541406592,1263068631
3847840961,3847840852
82672764,2516342949
8147202685,1156778214
304849311,304849444
6181062454,1864741841
258575686,294260554
304848962,26376030
6777022884,26188622
1225438919,1225438905
2732522691,1081670290
6777028588,6777022884
4377918449,883227926
3190111430,4073994896
303838873,3831769207
491692270,3089768918
2145681463,2145681465
4074044199,3149791201
309492045,9251089946
266885669,266885677
266885924,266885998
3021899665,287427969
439645111,5437937198
309221425,309220665
3815490440,3815490193
266885918,1908199193
2952570204,540601465
1257994458,1157439404
4075638475,4075638481
370155517,3644735819
1976852589,304642043
3822391211,2098008889
300426144,297548258
1113141080,1113140490
2714299430,2421195598
390488186,390488181
4075773624,4075799272
2874581117,2874581128
300423969,300425594
2952566654,380589375
304850818,304850821
2623969446,1505604880
266886067,80087551
294260554,899211653
4080801236,4080801242
5437937587,439645106
4080801242,4080801236
297545055,297545042
380589362,3835745858
631880082,3140466722
1976863116,4075799232
5353086332,2720468445
7835528973,9374724851
541406913,359997770
8740276356,3828011672
1113141080,304642709
2145681477,2145681501
4033872664,771667327
304643108,304643178
303830965,295716687
1976864104,1976863116
2874581111,2874581117
3089684876,26376012
1163800504,541407012
309478992,309479009
297541328,309478080
7733671179,304642491
1120361445,1120361536
620886988,540616669
1113156866,4579719621
1113139442,1113140478
4074043641,3130254557
297544598,297548697
1225438906,3782220366
2952566587,3664991745
4075751721,24976685
1113131959,1113132867
306652141,306652349
309477572,313219925
26188611,26188612
1147300205,620131477
2986699480,2986699477
320138579,544934984
3835746085,380640998
304638282,2421195632
541407012,1163800535
3844151174,24976825
294260670,294260638
14612343,545063916
370643116,541408604
26376030,26376056
282156841,24976825
304645422,3641343218
4046661386,304642706
1181011193,1119297645
295718040,297541048
382402734,3738751770
370642868,491692262
540599504,540599520
1113137522,304642709
541408604,370643116
545069923,11248187
264229344,2952570204
4080801269,4080801274
1470899700,370155555
2986699480,2986699484
474785589,303838860
1163800535,541407012
2952566636,2952566580
2986699482,2986699483
309481575,8736933156
3690787301,2842461945
1113178712,1119297645
2519781405,995119714
4579720064,4579720062
3812285481,3812285304
1165166380,1165160942
1262333862,1226719240
4579720062,4041147645
9493711160,24976815
5364525408,24872646
1505605351,631880074
1120361445,297544598
24976829,24976825
1499154089,287426866
382372588,382372585
3831769207,303838873
380589386,380589375
3644735819,4075829104
2952564893,2145681501
6917469288,3738752737
1225091478,1225438906
298987898,243743964
11248189,14612375
1263068631,541406592
2819393251,3445520934
304637051,304637215
1180972362,2952568799
491692240,3820124806
544935169,4708961176
304642706,2145681366
2952567609,297554155
4041147643,4579720064
4579719621,3690795332
6080654011,1120361742
8740276354,8740276355
300425594,300425252
258575686,258575692
3519294609,3519294605
339607700,339607694
2852456603,292365206
380589375,2952566667
459499741,6207221415
82518643,1065965532
292364493,1437752824
3812285304,380611195
297541915,309221425
390488143,7816994343
2842461936,2842461945
4075751916,4075751898
503682589,503677930
1266580721,2084155354
309476853,297541319
82672702,3664991739
3091662318,3091662315
304638539,304638538
540601382,540601426
304850828,8968956577
300427546,300426144
841956333,610438905
454641584,454641588
671248927,622151252
3775207344,3775207348
26188622,5437937449
382372741,4466926839
540616669,1113153519
1163800535,1163800504
380589375,380589386
5437937455,5437937449
296879349,26376020
380601609,380589410
3835746085,9023349772
24870517,258575688
540616534,316969547
473085625,24870517
1113139445,1113139442
5895072709,995119714
2145681465,2145681463
309481430,309481177
9376777626,9376777627
3847840504,2529852027
309494590,297545800
3812285584,541424188
1113153519,540616669
1181003592,1113156946
243743964,298987898
1113179171,1113178695
4912075643,4912075644
309479592,309484452
983076640,2691518190
24976825,3844151174
3140463865,1505605351
1120361423,1120361742
1113142270,620886988
3149791201,303839673
309489097,2952564532
390488237,2848615896
292365206,2852456603
544934999,287427958
309493602,309494590
3775207344,6777028605
303839892,4074044199
1255665921,771667294
304849280,304848962
4080819176,4080819183
380601626,2952566587
26188618,26188612
292362589,292365309
610406319,5421061186
1180977504,1180988117
309217233,1533696797
4080801245,4080801268
3149791163,1976852589
309491108,3519294605
306656027,26376042
8693477874,8693477875
899211454,899211653
266886061,266886049
1505604747,1505604744
2819393251,861105386
8926411658,8926411662
282171559,3842103071
1113183692,861100208
26188649,540595986
4077369576,264229499
309221757,309221754
3089768913,3089768913
3644735819,1533696691
4075799238,4075799241
439645111,439645119
2032391385,1219477604
304850173,2798433705
309481575,309481573
1505604887,303835969
3820124806,4912075643
24976786,2874581128
8968956577,8968956576
297545861,297548258
297548833,297548258
2952567362,2145681436
24872646,5364525408
2986699483,2986699484
382372741,382372740
1262214329,1163800222
4080583603,503682620
3064384696,8200135
8969047468,8969047470
7816994343,380611195
8740276355,309483636
3258882940,3258882934
303838665,303838332
4912075644,4912075638
294292430,11248187
294260638,294260670
4075799238,304642043
2516342949,82672764
4579720065,4579720064
477662761,3445520934
1976852587,4075751916
544934984,4708961176
294260747,294260616
306652141,306648686
520400356,981226576
8914482648,8914482649
297553540,300427546
491692262,370642868
3782220366,3690787296
243701601,294260586
266885918,266885924
297545054,304637051
1163006307,7830108130
2952566654,380589409
3519294595,304848962
300428248,300428327
300427730,295718040
26054653,26053142
3527753096,270532243
309478080,297541328
4041147779,8693477874
4080807880,4080808593
26188679,303839005
1505604900,303835969
8319625440,8319625441
1147300205,1147300195
1505604882,1176886895
26188622,6777022884
4075799253,1038071614
359997861,359997775
1183299532,541408604
24976825,282156841
309493602,309493604
309479587,309479237
380589415,6434111075
9376777626,309223305
264229380,1265102096
620914753,8693477874
304658440,304657650
8987750282,4074066371
4043560114,540601377
7876735610,7876735609
309478992,309479237
3812410144,3812285074
1976852587,4075751898
300426338,2952567609
309489485,1119350643
264229327,540599504
3738752740,3738752737
309222904,309223305
24976685,309485441
2952566466,3130254557
2952566638,82672702
26376042,300429429
80087552,80087555
306646287,26376014
541398454,370642868
1262333839,1262134841
4077369576,1504546529
1113178695,1113178712
4075751916,4075774003
1504546443,491692253
300424743,300425252
9376777622,309222926
4075638481,8529252899
4912075651,4912075644
303838860,631880074
1533696797,309220665
1219477604,339607700
1727351556,1255664641
82672734,2852394285
620914495,1180972362
4075799219,1976864104
303838873,303839005
2734145347,1908199193
4075751932,771667294
26188612,540595986
1065965615,1065965411
1533696697,1533696684
3835746881,380589415
4558521621,3190111430
5437937200,5437937198
380589415,2952566653
3828011671,3828011672
1264120310,1863249376
3782220253,3782220261
303838860,474785589
9913507939,390488056
309217230,309217232
380649855,380649904
7876735609,7876735610
454641588,24976778
8969047470,8968956577
3828011708,3828011672
1863249376,1264120310
3822391445,2098008889
297541319,313219925
4080801274,4080801269
2145681455,2145681443
309481424,309482102
309491108,9251089946
541408604,1183299532
294260749,294260768
1264120320,1264120279
4080801243,4080801245
4075751749,4075751721
899212118,5421061186
1505604678,1181000840
296879349,2642259707
1119297645,1181011193
3828010666,309487276
298987909,7140128499
771667302,9334055490
1113132867,1113130832
2623969448,2623969446
2874581147,2874581117
2691520805,2691520809
2421195632,2421195625
282158483,282171559
1533696691,4075751961
1505604880,1176886895
380601691,6434111075
2421195640,304638282
491692240,491692262
26188622,6777028593
1219477735,26376014
4075799254,4075799254
3527753096,264229344
309487283,309487276
2145681471,2145681465
304657650,304658440
3782147419,541407202
4374148013,303838889
1219477735,3089684937
304643178,304643108
2145681488,2145681471
24976829,390488041
9376777629,309223305
370643372,370643116
8736787914,3828010703
1170316788,82522794
2623969455,2622686312
294260511,294260547
309493604,309493611
370643120,370643116
309481416,2952565177
304638272,1264120310
1165147893,1262214329
8983886101,380601715
981226576,981227049
540599520,1505604370
1225438905,1225438919
282158483,1429195055
26054645,297553540
343698912,2720534717
3089384424,270532250
82672702,2952566638
1113153522,1113153519
1505604744,1505604747
1908199193,266885677
380601609,370362155
294260586,243701601
4708971033,544916404
258575692,294260586
9896948564,380601626
4912075638,6068623353
4080808593,771667327
300429429,26376042
8393402100,771667302
1181000840,1505604678
309478233,309478992
304645117,2529852007
771667294,1255665921
544934984,544934999
1225438919,3781784166
1225438906,1225091478
3089626359,3089626358
4080801243,4033849081
5437986770,3730382565
370643302,370643284
306652349,306652141
3828011653,3828011671
24976778,2874581128
4075773628,3889117873
3445520934,2819393251
544916404,1157688394
26054657,2952569416
1422406627,267177074
4075774005,771667306
264229344,3527753096
6080653638,1120361423
309492045,300429429
1163006307,8096728
610406319,610406317
2098008888,24976786
2714299430,3091662315
2874581155,8926411658
309493604,309489485
370155517,1255665921
4075773677,1898837928
309482102,3091663526
309479237,309478992
264229327,540602041
3812285528,541424188
9493711160,1864741841
983077084,2512506600
304638282,2421195640
4035744729,4035744768
1533696684,1038071614
26188612,26188611
2691520795,2691520798
3149791163,1976864104
306648186,306648070
1113577248,1505604744
3345274707,3345269876
1147300195,3782220174
7508544751,1499154129
1499154129,287426866
3641343218,304643181
1976852589,4075773677
1125374774,4077389206
304847461,304848268
4077378029,4077378033
473084325,610406319
309484452,2952565177
540616727,1113153519
266885924,266886019
3782220174,1147300195
309219780,8319625441
309477320,309477317
3345269876,8202225
380640996,380640998
294260790,7191817425
3828010706,309484452
5353086332,473051893
26376020,2952567527
2145681366,304642706
2952566466,3835747171
26053142,26054653
294260784,294260788
1262134841,1262134690
1505604884,1505604882
8754586674,309481418
266885669,266886067
542531285,4042853897
26188643,540595986
9064743927,4035744768
26376056,300423970
8326979660,294260670
2952570204,264229344
2145681430,2952567393
300425252,300423968
1505604880,2623969446
300424424,300423969
610438905,298987909
282171751,1156778214
2952569416,26054657
1505604678,264229664
303835969,1505604900
370643120,620131479
26188611,26188602
3690787296,3258882947
899211653,899211454
294260774,267177096
2145681455,1113156866
3093103045,304847461
1584987166,1505604692
2852394325,82672732
2952566580,2952566667
2214892765,1422406627
298987909,243743964
3738751770,1157439404
1163800208,1163800363
243700038,8200135
294260586,258575691
370643302,3782139147
1262134841,1262333862
309481421,3828011708
1113577360,1113577248
2848615896,390488237
4078143030,303838857
304640976,304641871
306652349,306648186
309494590,297545798
300429428,306652141
4080808636,771667327
4033849084,4033849085
1835465486,382385249
491692253,491692270
300424743,297545800
622151252,264229499
2952568799,1180972362
309220665,1533696797
303839892,2986699477
4077378029,309481198
477663010,477662910
622151252,4075638475
3835746085,3835746105
1120361423,286835005
243743964,243701601
14612375,544936737
1119350643,309489485
3822391189,3822391211
4080807879,4080807880
1505604747,1113577360
9376777626,9376777624
1113140490,1113142270
2952565177,309481412
2798433717,2798433724
4075799232,1976863116
359997770,359997775
4075751721,303839673
3089768918,3089768885
270532243,3527753106
9318429267,1265102096
309487276,309488839
303838857,4078143030
4075773677,4075773989
2952566667,3130254557
26053134,297554715
82672734,82672732
1113142270,1113140490
3641343211,3641343227
359997775,359997861
309484026,309484024
309221440,309221754
2700196884,3093103043
2145681465,2145681471
1584987166,1584987156
26376014,1219477735
309477320,309477651
1183313937,370643372
1176886895,1505604880
503682584,503677930
304637495,262151321
4075751956,4075751898
24975448,491692240
771667302,771667294
1113178695,3690795332
1125374774,309481198
304849050,8984022822
309221425,297541915
2874581149,3815535419
1065965411,1065965615
24975074,3021947740
2421195605,2421195612
1113156946,4041147643
4080801269,4033877097
26376042,306656027
1262134963,1262135021
82672702,3664991725
8914482648,82518643
1915835749,1915835751
2952566638,380589415
771667302,8393402100
3150074683,4035744830
309476853,309476851
1505604880,3775207409
2516342949,2516342953
4075638481,4075638483
304658754,1533696691
8926411662,8926411658
4042853897,2145681366
2952565574,309478080
5437986770,26188603
303838860,474785554
5364525408,944150181
4374148013,303839005
382372585,8096728
304641877,304641871
1504546529,3636388662
309221754,309221440
304657650,1915835749
3519294599,300424743
6068623353,4912075642
3822391211,3822391578
292365309,2952566594
282171751,3844167179
6207221415,459499741
3258882947,3690787301
8096742,320138579
2848615898,2848615896
3445520946,3445520934
6777022884,6777028588
4075751898,4075751916
3844167179,1446137610
7876735610,382385230
24976815,9493711160
899211653,294260554
272491864,82672826
309484024,309481412
8147202685,3844167179
304848962,304849280
303838339,303838332
2952564344,3828010706
3089768918,3089768913
439645111,631879779
473073106,473072765
439645106,5437937587
26053142,6080653638
304645444,304645432
297541319,309476853
309482102,2952565154
3828011671,3828011653
297541915,309478233
4080807886,4080807879
2421195598,2421195605
309477320,309477572
390488264,297548697
631880074,5290088834
3089626358,26053140
8736150968,8736150963
2952566801,2952566654
1533696295,2842461945
2145681465,2952567393
26053134,26054645
9376777624,9376777622
24870527,24870517
243700038,1081670255
309481198,1125374774
2952569416,3835750628
24870517,473085625
503682620,503682589
3690787296,1225438919
503677930,503682584
1180977504,1180972362
9374724851,7835528973
390488171,1262214329
382372585,285200044
3641343254,3847873570
2874581155,3812398573
304658754,304658440
3149791201,24976685
297558084,300426481
309478939,309477651
1113139445,1113140478
1976864104,4075799219
2852456603,861105386
2145681430,2145681447
1157688394,544916404
267177082,7191817425
3089768885,1499121669
4912075642,4912075658
304643181,4042853897
2720468453,243701601
297541905,309221425
1113153519,1113153516
3835747171,2952566466
4033877097,4080801236
309494590,309493602
258575688,24870517
304643181,3641343218
3782220253,3782220366
1113137522,1113137544
2516342953,2516342949
267177097,294260774
2622686312,2623969455
304847461,3093103043
3815490193,3815490440
300426144,300427546
7816994343,390488143
1217506171,3076549685
3140463885,3140463865
295716687,303830965
1120361742,6080654011
304849676,304849311
304640976,4075799253
370643284,370643302
316969547,264229397
469421753,2512506600
4033849189,4033849084
297541915,309221440
771667453,771667420
2145681501,2952564893
7733671178,2714299441
3519294605,309491108
3021899665,544936737
4472774324,264229664
1120361586,26054653
6917435182,3738752737
297541905,309222926
3093103043,304847461
3445520934,477662761
3835747171,3835747449
1157439404,1257994458
2714299441,7733671179
9318429275,9318429267
1505604678,303834392
370643284,370643120
26376052,2798433722
297545798,309491108
3889117873,4075773628
4042853897,542531285
2623969447,2623969446
1898837927,285239277
1915835749,304657650
382385230,7876735610
24870443,2732522702
1113153519,1113153522
771667420,4033849075
883227926,883227636
309222926,297541905
474785554,474785558
2145681455,4041147643
3519294599,3519294595
473085625,24870468
4041147616,4041147610
3812285214,3812285481
294260774,294260768
1113140490,1113141080
304659961,26054645
469421757,469421753
4374148013,4374148003
309218525,304637353
300423967,300424155
80087552,266885669
82522794,1170316788
3064384696,610687810
309487276,3828010666
297554155,2952567609
303839673,4075751721
471101960,304645444
380601691,2952567066
1262214329,390488171
264229499,622151252
3527753099,264229380
4466926839,382372741
9141315900,1852868607
382372740,382372741
6777022884,439645106
292364493,2516342949
2952564344,8736787887
304848268,3093103045
4579720062,4579720063
4035744768,1219477604
304643178,471061558
2145681501,2145681477
1065965532,82518643
1113153522,540616727
304642491,2421195598
262151321,297545861
266886049,266886061
1266581001,309476853
2691520809,2691520798
3091662315,3091662318
304657650,1038071614
2519781405,82672826
3519294595,3519294609
3835750628,26054657
24976786,2098008888
297542497,309489745
304642043,4075799238
2622686312,439645119
3847840275,3847840504
4074066371,382385195
2986699480,2986699479
2714299441,1265102096
309476851,309476853
286835005,6080653638
8969047470,304850821
297541328,309478921
390488076,390488058
439645106,6777022884
359997775,359997770
2819393251,477662910
2798433705,304850173
309478233,297541915
2720468453,2720468445
4080801253,4080801245
1113141080,1113142270
4075751956,4075751959
5437937591,5437937587
1081670275,2732522691
7140128499,7140128496
380589430,2952567066
8968956577,8969047470
82672732,2852394325
297541915,297541328
304658754,4075751959
8326979660,267177074
1226719240,3690787301
3782810848,1262134690
2145681447,2145681454
1262134999,359997797
304658440,304658754
2798433722,2798433731
282171751,282171559
5437937449,1505604887
3812285074,454641584
2421195618,2714299446
303839673,303839892
3842103071,3842103097
309223305,309222904
3782220174,3690787293
3641343218,304643178
1163800535,1533696350
270532248,3089384424
5135770204,304643108
5437937198,5437937200
267177082,267177078
300424743,3519294599
442532230,7734075680
2529852056,3641343226
4080808636,4075774005
294260768,294260774
544925053,285200044
9251089946,309491108
1113137522,1113139442
1113139442,1113137522
1113183692,1113183946
309481177,309481430
473085625,9180802934
1225091456,1225091478
285239277,4912075662
8319625441,309217232
2529852024,3641343226
5353086332,473051894
298987909,610438905
24975327,24975448
26053140,2952569416
3812285579,3815490468
3836816654,1156778214
243701601,2720468453
541407581,541406913
473074170,24870468
2874581128,24976786
4075751905,4075751932
1265102096,2714299441
9376777622,9376777623
300424424,300423970
1113153519,540616727
2145681471,2145681477
1225091456,1147300205
8736150968,309477317
359997797,359997816
2952565154,309482102
359997861,541407581
294260774,267177097
2145681477,2145681471
2623968069,2623968063
270532248,3527753106
2798433705,303830965
300424155,309481177
1113156946,1180980878
304645422,2529852027
8200135,2720468453
6207221421,6207221415
2986699484,2986699483
861100208,1113183692
390488058,390488056
8202225,473072765
3527753106,270532248
2040461954,26053140
1852868607,9260824662
309481424,309483143
304642706,4046661386
1584987166,1505604813
6777028605,3775207344
7140128503,7140128499
6917469288,2098008888
4075799253,4075799254
24976778,2874581165
285239277,1898837927
1255664641,1255664627
3820124806,390488186
370642868,1183299532
3782139147,3782147368
2720534717,343698912
2145681458,2145681437
2986699481,2986699483
3527753106,270532243
309217233,309217232
2145681437,2145681447
1264120310,1264120279
2145681375,2145681362
5437937449,5437937455
1505604744,1113577248
304645117,3847871637
4075638475,6210609911
11248187,382319016
264229499,4077369576
304849444,304849311
303838873,4374148003
359997816,541406709
491692253,491692262
1113577360,1505604747
303839005,26188679
306648186,306648686
304640976,304638276
3690795332,4579719621
304638539,309489097
620131477,620131479
2952567609,300427546
380641097,380641104
3641343211,3641343226
620131479,1263065391
390488181,390488171
540616727,1113153522
540599520,26188602
2145681524,4041147779
1180980878,1113156946
266886067,266885669
1505604692,3730382565
309481177,309479587
2874581165,24976778
24870468,24870443
300427546,2952567609
473072765,8202225
3820124806,3823977668
3093103045,304847455
1225091456,3782220174
26188643,540595137
7140128503,841956072
282171559,282171751
8200040,8200041
80087552,80087551
2720468445,3064384696
297553540,26054645
370643284,1262122802
3527753106,3527753096
300423967,300423968
292362589,292362587
1437752824,2691520809
300429429,300429428
309220665,309221425
4075799219,4075799238
469421753,2519781432
306657637,1219477735
2986699483,2986699481
297545861,297541048
8969047470,8969047468
26054657,1119328712
2145681362,2145681375
545071815,11248189
3781784166,1225438919
4075799272,4075799275
382385195,4074066371
304642491,2714299430
7140128499,298987909
304850821,8983886101
267177096,294260774
541407202,3782147419
390488237,390488181
2952570131,3089384424
294260670,8326979660
4035744692,4035744729
1119297645,1113178712
1113183946,4041155591
9318429267,9318429275
2529852056,304643108
2952569416,26053140
4075751898,1976852587
370155555,370155517
8529252899,4075638481
474785589,631880082
4043560114,4043560116
620914753,620914495
2512506600,2512506691
1180968160,1180977504
2145681362,2145681366
2145681437,2145681458
3445520953,3445520946
3738751743,5045162931
382385230,300428327
3190111431,304642706
4466926839,544916404
3835746881,3835747091
3828011708,309481421
8968956576,8968956577
883227636,883227926
477662910,477663010
309493602,309493611
2691520798,2691520791
4075638481,4075638475
9896948564,292365309
2512506600,983077084
3091662315,2714299430
1533696350,541406709
4075774005,1255664641
2874581117,2874581111
3641343254,3847873322
4080801236,4080808593
380640996,370362155
267177097,267177082
309478357,309478233
390488056,390488041
6917469288,6917435182
309483636,8740276355
26053140,2040461954
4074066371,8987750282
3093103043,2700196884
7140128496,473072765
540616534,2145681477
297545798,309494590
541406709,1533696350
309481412,2952565177
267177091,258575686
2145681463,2145681479
309481424,309481575
4035744768,9064743927
3847840389,304645444
883227926,883227702
1157439404,3738751770
771667294,4075751932
1915835751,1915835749
3190111430,3190111431
1157688211,503682589
631880074,303838860
771667327,4080808593
9334055490,771667306
294260770,294260768
1264120279,1264120320
390488041,390488056
304849050,304849676
4074044199,303839892
2874581153,2874581155
26376012,26376014
304850821,8969047470
4075751753,4075751754
294260670,7191817425
297548697,264229397
303839005,303838873
503682620,4080583603
4033849084,4033849189
1255664641,4075774005
3664991739,2952566587
24976810,1864741841
380649904,380649855
26376052,2798433717
8200041,3076549685
303830965,304849090
1499154143,24976815
304637353,304637495
5421061186,610406423
1262134690,3782810848
3842103071,3936573270
306656027,300428702
382372585,382372588
1262134703,1262135021
4075751905,4075751961
304645444,3847840389
266885998,266885924
294260768,294260749
4075773989,4075773677
3828011672,8740276356
6068623353,541406592
8898127467,267177044
3831769199,303838665
80087551,80087552
2529852056,354953660
316969498,264229664
474743072,1180980878
304847455,3093103045
359997852,359997775
3781784166,1262134841
4074043641,339607694
4075774003,9334055490
503682621,382372740
9251166375,1533696797
8693477874,4041147779
544936737,4708971033
1898837928,1863249376
243701601,243743964
1262214329,1165147893
7835528973,390488041
1727351556,771667306
304637215,304637353
2145681458,1113156866
2421195625,2421195618
300425594,300424424
4075638475,622151252
2529852007,304645111
300426481,297558084
541407581,1262333862
300424155,309481198
26054645,297554715
8968956577,304850828
4041147643,2145681455
267177078,267177082
2952567305,2145681430
7191817425,294260670
1065965532,1065965615
861105386,2819393251
2874581147,2874581149
2529852027,304645422
2952566466,380589362
304850173,8983886101
359997775,359997852
4033849081,4080801243
297542497,297545798
473051894,5353086332
1505604372,1505604370
4579719621,1113156866
267177074,8326979660
309479587,309481430
2952566365,2952566653
4041147779,2145681524
380601715,4074066371
4074044199,4074044203
1163800446,1163800633
294292430,8200040
370643120,1533696295
454641584,3812285074
1113153516,1113153519
3828010783,3828010706
2874581147,2874581138
8898127467,1422406627
304645432,304645444
1976852587,4075799232
2145681437,4041147610
4033849081,771667420
454641588,454641584
3775207348,3775207344
2098008888,2098008883
2214892765,1065965532
370362155,380640996
2421195640,309488839
1505604747,3730382565
309493611,309493602
267177082,267177091
390488186,1163800446
297545054,297545055
264229397,316969547
541407300,359997816
282156841,282158483
339607700,1219477604
1262122802,370643284
1266580721,304637051
4912075658,4912075656
4075799232,3149791163
2798433722,26376052
3140466722,631880082
1264120279,1264120310
3190111431,3190111430
1113183899,1113183692
316969547,540616534
1437752824,292364493
4075774003,4075751916
8983886101,304850821
286835003,1120361445
309478992,309478233
1163800222,1262214329
304642709,1113141080
8200038,294292430
3149791163,4075799232
4033849085,4033849084
24976786,2098008889
1225091478,3782220261
3190111430,4558521621
2519781432,2691528184
3641343226,3641343211
3641343227,3641343211
266885669,80087552
297548697,390488264
1852868607,9141315900
8693122796,2952565154
3812398573,2874581155
304637495,304637353
26376014,26376012
304637353,304637215
264229380,264229397
297548258,297545861
2691520809,1437752824
8914482648,5364525408
503677930,503677931
540595145,540595137
4708964305,8096742
503682589,1157688211
5045162931,382372752
1852868607,380601691
1081670290,243700038
5437937449,26188622
297554715,26053134
380589362,2952566466
258575688,294260511
3781784166,1225438905
4074066371,380601715
540599504,264229327
1262134690,1262134841
4080808650,4080808636
4033877097,4033877102
981227049,1504546529
3812285304,541424188
4075751956,4075751967
4075638483,4075638481
380640998,8363555360
8983886101,304850173
2842461945,1533696295
380649904,292362587
1533696295,370643120
4080807880,4080807879
541406913,3782139147
300424424,300425594
2952565177,309484452
266886049,1217506171
2874581149,8926411658
266885677,266885669
294260784,294260790
380611195,7816994343
439639819,1505604884
1864741841,6181062454
1163006307,8200038
3664991739,82672702
983077084,909014650
8200040,1217506171
2098008889,3822391445
262151321,304637495
1113577248,1505604737
294260554,258575686
2874581128,2874581117
1165147893,370643302
309217232,309217230
4472774324,540601426
4080819176,82672826
300423968,300423969
3835750628,26054653
300428327,382385230
3842103097,3842103071
8898127467,24870527
1505604813,2623969455
24870527,267177103
1976852589,3149791163
4080801268,4080801245
540616669,620886988
944150181,5364525408
2145681364,2145681362
3636388662,1504546529
3835747091,3835746881
2952564344,3828010666
4035744729,4035744784
258575691,294260747
1120361536,1120361393
82522794,480357493
2145681366,4042853897
264229344,3089626339
2952566594,292365309
309479587,309481177
2874581153,7943471767
1183299532,1183311781
294260547,294260511
24976829,1157439404
1265102016,9318429275
1113140490,1113140478
7733671178,7733671179
631880074,1505605351
4035744768,4035744729
2720468453,8200135
30500002,1504546443
382385249,1835465486
2952564532,309489097
2623968064,2623968063
285200044,544925053
1264120279,285239277
304638276,304638272
4075773628,4075773624
4579720064,4041147643
304848268,2700196884
380641104,380649904
3847840961,304645111
300429428,300429429
3738752737,6917469288
1113140478,1113140490
473051896,473051893
309221440,297541915
4080801269,4080801243
303838332,303838665
9493711160,1864741871
8736150963,8736150968
3076549685,8200041
258575692,258575691
4075751916,1976852587
5353086342,473051894
1226719240,1262333862
4466926839,6207221415
3641343226,2529852056
267177096,267177091
294260749,294260750
4075799275,4075799272
3093103045,304848268
1262134841,3781784166
3641343211,3641343229
539108617,539108811
3824802605,2529852007
1226719240,3258882940
304641871,304640976
1437752824,861105386
1533696691,3644735819
309487283,2907801768
297541905,309479237
296880006,300427730
309221757,309221758
477662910,2819393251
1065965532,2214892765
382385195,8988421140
1176886895,1505604882
343698810,294260554
981227049,6242127359
300428702,306656027
2516342953,983076640
3835745858,380589362
4033877097,4080801269
304849090,304849280
304849311,304849090
294260554,343698810
1499121669,9913507937
297545055,484040638
2516342953,292364493
304637215,1120364136
1898837928,4075773677
1120361393,1120361536
1976863116,4075773624
2519781405,2519781432
266886067,266885677
4035744830,3150074683
264229397,297548697
297554155,297558084
4912075643,3820124806
304848268,304847461
4912075662,4912075656
4075751749,4075751753
380589409,380589398
4708961176,544925053
11248187,294292430
1262333862,541407581
370643116,370643372
540595145,26188649
3644735819,370155517
899212118,2787453298
26376014,306646287
1120361742,1120361423
297553540,297548833
26188618,1505604900
309217363,309217230
4912075662,285239277
2986699486,2986699484
981227049,981226576
300429429,309492045
2145681494,540616727
1915835749,4075751749
8736150968,297541319
540601426,4043560112
359997770,541406913
300423970,26376056
1262134690,359997861
2623969446,2623969447
309223968,309221754
2623968063,439645106
2098008889,24976786
2798433722,3089684899
297548833,297553540
309487276,309487283
4075829106,4075829104
2098008889,3822391211
304638538,304638539
6242127359,981227049
1505604692,1505604737
26188649,540595145
2732522702,1081670267
304637215,304637051
4374148003,303838889
2874581153,2874581161
1499154089,1499154084
1266581001,2421195640
861100208,620914495
4077378023,309485441
2874581155,2874581153
2874581138,2874581147
540601382,4472774324
6434111063,6434111075
382319016,11248189
304849050,304849444
3664991739,3664991742
8740276355,8740276354
9913507937,9913507939
2952567393,2145681430
2852456630,2852456603
1422406627,8898127467
1255665921,1727351556
1499154143,1499154129
1505604887,1505604884
981226576,981226747
6434111075,380589415
266886019,266885924
4579720064,4579720065
2798433717,26376052
1163800208,1163800446
2952564423,1915835751
26376056,295716687
294260786,294260784
474785558,474785554
3076549685,82522794
2852394285,82672734
2145681447,2145681430
459499741,3738751770
2512506600,469421753
540595986,26188643
4075751961,1533696691
24976815,24976810
3130254557,2952566667
3828011671,8740276355
1533696295,2842461936
4035744729,4035744692
292365206,477662910
303839892,303839673
1163800633,1163800504
771667327,4033872664
297545042,297545055
1217506171,8200040
1429195055,282158483
7734075680,80087555
4077369575,4077369576
1262135021,541407202
610406317,610406319
304637495,1120364136
3828010703,8736787914
2098008883,2098008888
541408604,541408623
300427546,297553540
1504546529,981227049
2732522702,480357493
3782220261,3690787293
867463516,2952570131
270532250,264229327
304641871,304642043
382385195,380641104
3738751770,382402734
1864741871,9493711160
2952566587,3664991739
309484452,3828010706
2516342949,292364493
382372741,5045162931
1225438905,1225438906
24870468,473085625
300423968,300425252
3149791201,4074044199
294260511,899211454
620914495,620914753
309222926,309493611
380601609,380601626
3445520934,3445520946
297548258,297548833
1113132867,2907801768
1499154129,24975074
2714299446,309487283
4075799232,1976852587
2952566667,2952566580
1147300195,3812285584
5421061186,610406319
3089684899,2798433722
26188679,303838665
26053140,3089626358
2952567393,2145681465
1180980878,1119297645
540616669,540616534
297541328,297541915
3519294605,3519294599
4075751754,4075751753
4075799254,4075799253
4073994896,3190111430
2986699477,2986699482
3842103071,282171559
6777028605,1584987156
3812285074,380611195
4043560116,540601377
309481198,4077378029
309217232,8319625441
282171559,282158483
304645432,3847840504
14612375,287427969
390488171,1165147893
243743964,298987909
610406423,5421061186
2145681436,2952567362
4912075658,4912075662
3775207409,1505604880
370155555,380640996
5437937198,439645111
2145681463,2145681458
4708964300,544934984
26376052,304849676
5045162931,382372741
2907801768,309487283
297545055,297545054
380589398,380589409
1499121669,1499154084
1533696797,9251166375
439645119,2622686312
286835003,304659961
304642706,3190111431
3828011672,3828011671
1255665921,370155517
3527753099,3527753106
1727351556,1255665921
309492045,296879349
544936737,544938081
3690787301,3258882947
2952568799,316969547
2986699482,2986699477
370642868,541398454
303838665,3831769199
631879779,439645111
631880082,4078143022
1533696684,1533696697
309481198,300424155
264229664,1505604678
264229499,1113183946
304658440,4075799272
306648686,306648186
1864741841,9493711160
2083920603,1505605351
390488171,390488181
1262134841,1262333839
4080819183,4080819176
2986699479,2986699480
304645422,304645117
8326979660,267177077
5437937587,439645119
3812285579,3815490193
1113178712,1113178695
6434111075,6434111063
309477317,8736150968
4708971040,8096742
4075829104,2986699482
6080653638,26053142
439645106,2623968063
306648686,26376020
610687810,3064384696
471061558,304643178
309481412,309485441
1180977504,1180968160
80087555,80087552
1262135021,1262134703
26188602,26188611
1263065391,620131477
1265102016,9624224268
82672734,82672764
309478921,297541328
380589375,2952566654
309222926,9376777622
309217232,309217233
2874581149,2874581147
4078143030,3140463865
2952567066,380601691
1081670255,24870443
1120361710,1120361536
3130254557,4074043641
309216920,309217233
4080819176,292365206
3847871637,304645117
3140463865,3140463885
304637051,1266580721
370643120,370643284
309478233,309478357
1113142270,1113141080
304849676,304849050
1505604900,1176886895
7140128496,339040936
3258882940,1226719240
258575686,267177091
300425252,300425594
300426338,300426144
309493611,309222926
285239277,1264120279
304849676,26376052
3089626358,3089626359
4046661386,4046661387
4078143030,2083920603
2952567066,380589430
541408623,541408604
3782220174,1225091456
1163800504,1163800535
3835747449,3835747171
2623968063,2623968064
4374148003,303838873
1163800633,1163800446
2986699484,2986699486
3730382565,1505604747
309485441,24976685
26376012,300428327
304638272,2848615896
304642709,3847873570
3815490193,3812285579
303838332,303838339
359997816,541407300
3258882947,3258882940
309483636,309481416
2145681477,540616534
382372752,5045162931
304849280,304849090
1038071614,1533696684
4042853897,304643181
1113178712,1113178716
1119297645,1180980878
5135770204,3641343254
2952570131,270532248
2691528184,2519781432
1505604813,1584987166
4080801245,4080801253
1505604737,1505604692
1113178716,1113178712
4075799223,4075799219
4075829104,3644735819
380649904,380641104
1120361536,1120361710
3828010666,3828010703
303839005,4374148013
7943471767,2874581153
3641343254,5135770204
309477651,304638538
8984022822,304849050
4075829104,4075829106
